  -3.1830988e+03
  -1.0610326e+03
  -6.3661925e+02
  -4.5472768e+02
  -3.5367671e+02
  -2.8937147e+02
  -2.4485240e+02
  -2.1220502e+02
  -1.8723933e+02
  -1.6752953e+02
  -1.5157394e+02
  -1.3839319e+02
  -1.2732134e+02
  -1.1788972e+02
  -1.0975899e+02
  -1.0267736e+02
  -9.6454085e+01
  -9.0942017e+01
  -8.6025824e+01
  -8.1613835e+01
  -7.7632264e+01
  -7.4021052e+01
  -7.0730818e+01
  -6.7720586e+01
  -6.4956070e+01
  -6.2408362e+01
  -6.0052919e+01
  -5.7868765e+01
  -5.5837871e+01
  -5.3944650e+01
  -5.2175560e+01
  -5.0518781e+01
  -4.8963945e+01
  -4.7501922e+01
  -4.6124642e+01
  -4.4824943e+01
  -4.3596449e+01
  -4.2433464e+01
  -4.1330883e+01
  -4.0284117e+01
  -3.9289034e+01
  -3.8341897e+01
  -3.7439320e+01
  -3.6578232e+01
  -3.5755835e+01
  -3.4969578e+01
  -3.4217130e+01
  -3.3496355e+01
  -3.2805294e+01
  -3.2142146e+01
  -3.1505253e+01
  -3.0893086e+01
  -3.0304231e+01
  -2.9737382e+01
  -2.9191327e+01
  -2.8664941e+01
  -2.8157182e+01
  -2.7667077e+01
  -2.7193720e+01
  -2.6736267e+01
  -2.6293930e+01
  -2.5865971e+01
  -2.5451700e+01
  -2.5050470e+01
  -2.4661675e+01
  -2.4284745e+01
  -2.3919145e+01
  -2.3564371e+01
  -2.3219950e+01
  -2.2885434e+01
  -2.2560402e+01
  -2.2244456e+01
  -2.1937219e+01
  -2.1638338e+01
  -2.1347474e+01
  -2.1064310e+01
  -2.0788543e+01
  -2.0519888e+01
  -2.0258071e+01
  -2.0002836e+01
  -1.9753938e+01
  -1.9511142e+01
  -1.9274226e+01
  -1.9042981e+01
  -1.8817204e+01
  -1.8596703e+01
  -1.8381295e+01
  -1.8170807e+01
  -1.7965070e+01
  -1.7763926e+01
  -1.7567223e+01
  -1.7374815e+01
  -1.7186562e+01
  -1.7002332e+01
  -1.6821996e+01
  -1.6645433e+01
  -1.6472524e+01
  -1.6303158e+01
  -1.6137227e+01
  -1.5974627e+01
  -1.5815258e+01
  -1.5659026e+01
  -1.5505838e+01
  -1.5355606e+01
  -1.5208245e+01
  -1.5063674e+01
  -1.4921814e+01
  -1.4782589e+01
  -1.4645927e+01
  -1.4511757e+01
  -1.4380012e+01
  -1.4250626e+01
  -1.4123536e+01
  -1.3998682e+01
  -1.3876006e+01
  -1.3755450e+01
  -1.3636960e+01
  -1.3520483e+01
  -1.3405969e+01
  -1.3293368e+01
  -1.3182632e+01
  -1.3073715e+01
  -1.2966574e+01
  -1.2861164e+01
  -1.2757444e+01
  -1.2655373e+01
  -1.2554913e+01
  -1.2456026e+01
  -1.2358674e+01
  -1.2262823e+01
  -1.2168437e+01
  -1.2075484e+01
  -1.1983930e+01
  -1.1893745e+01
  -1.1804898e+01
  -1.1717359e+01
  -1.1631100e+01
  -1.1546093e+01
  -1.1462310e+01
  -1.1379725e+01
  -1.1298312e+01
  -1.1218048e+01
  -1.1138907e+01
  -1.1060866e+01
  -1.0983902e+01
  -1.0907994e+01
  -1.0833118e+01
  -1.0759256e+01
  -1.0686385e+01
  -1.0614486e+01
  -1.0543540e+01
  -1.0473528e+01
  -1.0404431e+01
  -1.0336231e+01
  -1.0268912e+01
  -1.0202456e+01
  -1.0136846e+01
  -1.0072067e+01
  -1.0008103e+01
  -9.9449383e+00
  -9.8825580e+00
  -9.8209475e+00
  -9.7600927e+00
  -9.6999798e+00
  -9.6405952e+00
  -9.5819256e+00
  -9.5239583e+00
  -9.4666806e+00
  -9.4100803e+00
  -9.3541453e+00
  -9.2988640e+00
  -9.2442249e+00
  -9.1902169e+00
  -9.1368290e+00
  -9.0840506e+00
  -9.0318713e+00
  -8.9802808e+00
  -8.9292693e+00
  -8.8788270e+00
  -8.8289443e+00
  -8.7796121e+00
  -8.7308211e+00
  -8.6825625e+00
  -8.6348276e+00
  -8.5876079e+00
  -8.5408950e+00
  -8.4946808e+00
  -8.4489573e+00
  -8.4037167e+00
  -8.3589514e+00
  -8.3146538e+00
  -8.2708167e+00
  -8.2274328e+00
  -8.1844951e+00
  -8.1419968e+00
  -8.0999311e+00
  -8.0582915e+00
  -8.0170713e+00
  -7.9762643e+00
  -7.9358644e+00
  -7.8958653e+00
  -7.8562611e+00
  -7.8170460e+00
  -7.7782143e+00
  -7.7397602e+00
  -7.7016784e+00
  -7.6639633e+00
  -7.6266097e+00
  -7.5896124e+00
  -7.5529663e+00
  -7.5166664e+00
  -7.4807077e+00
  -7.4450855e+00
  -7.4097950e+00
  -7.3748316e+00
  -7.3401907e+00
  -7.3058679e+00
  -7.2718587e+00
  -7.2381590e+00
  -7.2047643e+00
  -7.1716706e+00
  -7.1388739e+00
  -7.1063700e+00
  -7.0741551e+00
  -7.0422254e+00
  -7.0105769e+00
  -6.9792061e+00
  -6.9481092e+00
  -6.9172826e+00
  -6.8867228e+00
  -6.8564263e+00
  -6.8263898e+00
  -6.7966098e+00
  -6.7670831e+00
  -6.7378064e+00
  -6.7087765e+00
  -6.6799904e+00
  -6.6514449e+00
  -6.6231370e+00
  -6.5950637e+00
  -6.5672221e+00
  -6.5396093e+00
  -6.5122226e+00
  -6.4850590e+00
  -6.4581159e+00
  -6.4313906e+00
  -6.4048804e+00
  -6.3785827e+00
  -6.3524950e+00
  -6.3266147e+00
  -6.3009393e+00
  -6.2754664e+00
  -6.2501936e+00
  -6.2251186e+00
  -6.2002389e+00
  -6.1755523e+00
  -6.1510566e+00
  -6.1267495e+00
  -6.1026288e+00
  -6.0786923e+00
  -6.0549381e+00
  -6.0313638e+00
  -6.0079676e+00
  -5.9847474e+00
  -5.9617011e+00
  -5.9388268e+00
  -5.9161227e+00
  -5.8935866e+00
  -5.8712169e+00
  -5.8490116e+00
  -5.8269689e+00
  -5.8050871e+00
  -5.7833643e+00
  -5.7617987e+00
  -5.7403888e+00
  -5.7191328e+00
  -5.6980289e+00
  -5.6770757e+00
  -5.6562714e+00
  -5.6356144e+00
  -5.6151032e+00
  -5.5947363e+00
  -5.5745120e+00
  -5.5544289e+00
  -5.5344855e+00
  -5.5146803e+00
  -5.4950119e+00
  -5.4754788e+00
  -5.4560797e+00
  -5.4368132e+00
  -5.4176778e+00
  -5.3986722e+00
  -5.3797952e+00
  -5.3610453e+00
  -5.3424214e+00
  -5.3239220e+00
  -5.3055460e+00
  -5.2872921e+00
  -5.2691591e+00
  -5.2511458e+00
  -5.2332509e+00
  -5.2154733e+00
  -5.1978119e+00
  -5.1802654e+00
  -5.1628328e+00
  -5.1455129e+00
  -5.1283047e+00
  -5.1112070e+00
  -5.0942188e+00
  -5.0773390e+00
  -5.0605665e+00
  -5.0439003e+00
  -5.0273395e+00
  -5.0108829e+00
  -4.9945297e+00
  -4.9782788e+00
  -4.9621292e+00
  -4.9460800e+00
  -4.9301302e+00
  -4.9142790e+00
  -4.8985253e+00
  -4.8828683e+00
  -4.8673071e+00
  -4.8518408e+00
  -4.8364685e+00
  -4.8211894e+00
  -4.8060025e+00
  -4.7909071e+00
  -4.7759023e+00
  -4.7609872e+00
  -4.7461612e+00
  -4.7314233e+00
  -4.7167727e+00
  -4.7022088e+00
  -4.6877306e+00
  -4.6733375e+00
  -4.6590287e+00
  -4.6448034e+00
  -4.6306608e+00
  -4.6166004e+00
  -4.6026213e+00
  -4.5887228e+00
  -4.5749042e+00
  -4.5611648e+00
  -4.5475039e+00
  -4.5339209e+00
  -4.5204151e+00
  -4.5069858e+00
  -4.4936323e+00
  -4.4803540e+00
  -4.4671502e+00
  -4.4540204e+00
  -4.4409638e+00
  -4.4279800e+00
  -4.4150681e+00
  -4.4022277e+00
  -4.3894581e+00
  -4.3767588e+00
  -4.3641292e+00
  -4.3515686e+00
  -4.3390765e+00
  -4.3266523e+00
  -4.3142955e+00
  -4.3020055e+00
  -4.2897818e+00
  -4.2776238e+00
  -4.2655309e+00
  -4.2535027e+00
  -4.2415387e+00
  -4.2296382e+00
  -4.2178008e+00
  -4.2060260e+00
  -4.1943133e+00
  -4.1826621e+00
  -4.1710721e+00
  -4.1595426e+00
  -4.1480732e+00
  -4.1366634e+00
  -4.1253128e+00
  -4.1140209e+00
  -4.1027873e+00
  -4.0916113e+00
  -4.0804927e+00
  -4.0694310e+00
  -4.0584257e+00
  -4.0474764e+00
  -4.0365826e+00
  -4.0257440e+00
  -4.0149600e+00
  -4.0042303e+00
  -3.9935545e+00
  -3.9829321e+00
  -3.9723628e+00
  -3.9618460e+00
  -3.9513815e+00
  -3.9409689e+00
  -3.9306076e+00
  -3.9202975e+00
  -3.9100379e+00
  -3.8998287e+00
  -3.8896694e+00
  -3.8795596e+00
  -3.8694990e+00
  -3.8594872e+00
  -3.8495239e+00
  -3.8396086e+00
  -3.8297410e+00
  -3.8199208e+00
  -3.8101477e+00
  -3.8004212e+00
  -3.7907411e+00
  -3.7811069e+00
  -3.7715185e+00
  -3.7619753e+00
  -3.7524772e+00
  -3.7430238e+00
  -3.7336147e+00
  -3.7242497e+00
  -3.7149284e+00
  -3.7056505e+00
  -3.6964157e+00
  -3.6872237e+00
  -3.6780742e+00
  -3.6689669e+00
  -3.6599014e+00
  -3.6508776e+00
  -3.6418951e+00
  -3.6329536e+00
  -3.6240528e+00
  -3.6151925e+00
  -3.6063723e+00
  -3.5975921e+00
  -3.5888514e+00
  -3.5801500e+00
  -3.5714877e+00
  -3.5628642e+00
  -3.5542793e+00
  -3.5457325e+00
  -3.5372238e+00
  -3.5287528e+00
  -3.5203193e+00
  -3.5119231e+00
  -3.5035637e+00
  -3.4952412e+00
  -3.4869551e+00
  -3.4787052e+00
  -3.4704913e+00
  -3.4623131e+00
  -3.4541705e+00
  -3.4460631e+00
  -3.4379908e+00
  -3.4299532e+00
  -3.4219502e+00
  -3.4139816e+00
  -3.4060471e+00
  -3.3981465e+00
  -3.3902795e+00
  -3.3824460e+00
  -3.3746457e+00
  -3.3668784e+00
  -3.3591439e+00
  -3.3514420e+00
  -3.3437724e+00
  -3.3361350e+00
  -3.3285296e+00
  -3.3209559e+00
  -3.3134138e+00
  -3.3059030e+00
  -3.2984233e+00
  -3.2909746e+00
  -3.2835566e+00
  -3.2761691e+00
  -3.2688120e+00
  -3.2614851e+00
  -3.2541881e+00
  -3.2469209e+00
  -3.2396833e+00
  -3.2324751e+00
  -3.2252961e+00
  -3.2181462e+00
  -3.2110251e+00
  -3.2039327e+00
  -3.1968688e+00
  -3.1898332e+00
  -3.1828258e+00
  -3.1758463e+00
  -3.1688947e+00
  -3.1619706e+00
  -3.1550740e+00
  -3.1482048e+00
  -3.1413626e+00
  -3.1345474e+00
  -3.1277589e+00
  -3.1209971e+00
  -3.1142618e+00
  -3.1075528e+00
  -3.1008699e+00
  -3.0942131e+00
  -3.0875820e+00
  -3.0809766e+00
  -3.0743968e+00
  -3.0678423e+00
  -3.0613131e+00
  -3.0548089e+00
  -3.0483296e+00
  -3.0418751e+00
  -3.0354453e+00
  -3.0290399e+00
  -3.0226588e+00
  -3.0163020e+00
  -3.0099692e+00
  -3.0036603e+00
  -2.9973751e+00
  -2.9911136e+00
  -2.9848756e+00
  -2.9786610e+00
  -2.9724695e+00
  -2.9663012e+00
  -2.9601558e+00
  -2.9540332e+00
  -2.9479333e+00
  -2.9418559e+00
  -2.9358010e+00
  -2.9297684e+00
  -2.9237579e+00
  -2.9177695e+00
  -2.9118030e+00
  -2.9058583e+00
  -2.8999353e+00
  -2.8940338e+00
  -2.8881537e+00
  -2.8822950e+00
  -2.8764574e+00
  -2.8706409e+00
  -2.8648453e+00
  -2.8590706e+00
  -2.8533165e+00
  -2.8475831e+00
  -2.8418701e+00
  -2.8361775e+00
  -2.8305052e+00
  -2.8248530e+00
  -2.8192208e+00
  -2.8136085e+00
  -2.8080161e+00
  -2.8024433e+00
  -2.7968902e+00
  -2.7913565e+00
  -2.7858422e+00
  -2.7803472e+00
  -2.7748713e+00
  -2.7694145e+00
  -2.7639767e+00
  -2.7585577e+00
  -2.7531574e+00
  -2.7477759e+00
  -2.7424128e+00
  -2.7370682e+00
  -2.7317420e+00
  -2.7264340e+00
  -2.7211442e+00
  -2.7158724e+00
  -2.7106186e+00
  -2.7053827e+00
  -2.7001645e+00
  -2.6949640e+00
  -2.6897811e+00
  -2.6846157e+00
  -2.6794676e+00
  -2.6743369e+00
  -2.6692234e+00
  -2.6641270e+00
  -2.6590477e+00
  -2.6539852e+00
  -2.6489397e+00
  -2.6439109e+00
  -2.6388988e+00
  -2.6339033e+00
  -2.6289243e+00
  -2.6239617e+00
  -2.6190155e+00
  -2.6140855e+00
  -2.6091716e+00
  -2.6042739e+00
  -2.5993921e+00
  -2.5945263e+00
  -2.5896763e+00
  -2.5848421e+00
  -2.5800236e+00
  -2.5752206e+00
  -2.5704332e+00
  -2.5656612e+00
  -2.5609046e+00
  -2.5561632e+00
  -2.5514371e+00
  -2.5467261e+00
  -2.5420301e+00
  -2.5373491e+00
  -2.5326830e+00
  -2.5280318e+00
  -2.5233953e+00
  -2.5187735e+00
  -2.5141662e+00
  -2.5095735e+00
  -2.5049953e+00
  -2.5004315e+00
  -2.4958820e+00
  -2.4913467e+00
  -2.4868256e+00
  -2.4823186e+00
  -2.4778257e+00
  -2.4733467e+00
  -2.4688816e+00
  -2.4644303e+00
  -2.4599929e+00
  -2.4555691e+00
  -2.4511589e+00
  -2.4467623e+00
  -2.4423792e+00
  -2.4380095e+00
  -2.4336532e+00
  -2.4293102e+00
  -2.4249805e+00
  -2.4206639e+00
  -2.4163604e+00
  -2.4120700e+00
  -2.4077925e+00
  -2.4035280e+00
  -2.3992763e+00
  -2.3950375e+00
  -2.3908114e+00
  -2.3865979e+00
  -2.3823971e+00
  -2.3782088e+00
  -2.3740330e+00
  -2.3698697e+00
  -2.3657188e+00
  -2.3615801e+00
  -2.3574538e+00
  -2.3533396e+00
  -2.3492376e+00
  -2.3451477e+00
  -2.3410698e+00
  -2.3370039e+00
  -2.3329499e+00
  -2.3289078e+00
  -2.3248775e+00
  -2.3208589e+00
  -2.3168521e+00
  -2.3128569e+00
  -2.3088733e+00
  -2.3049012e+00
  -2.3009407e+00
  -2.2969915e+00
  -2.2930538e+00
  -2.2891274e+00
  -2.2852122e+00
  -2.2813083e+00
  -2.2774156e+00
  -2.2735340e+00
  -2.2696634e+00
  -2.2658039e+00
  -2.2619554e+00
  -2.2581177e+00
  -2.2542910e+00
  -2.2504751e+00
  -2.2466699e+00
  -2.2428755e+00
  -2.2390918e+00
  -2.2353187e+00
  -2.2315561e+00
  -2.2278042e+00
  -2.2240627e+00
  -2.2203316e+00
  -2.2166109e+00
  -2.2129006e+00
  -2.2092006e+00
  -2.2055109e+00
  -2.2018313e+00
  -2.1981620e+00
  -2.1945027e+00
  -2.1908536e+00
  -2.1872144e+00
  -2.1835853e+00
  -2.1799661e+00
  -2.1763568e+00
  -2.1727573e+00
  -2.1691677e+00
  -2.1655878e+00
  -2.1620177e+00
  -2.1584572e+00
  -2.1549064e+00
  -2.1513653e+00
  -2.1478336e+00
  -2.1443115e+00
  -2.1407989e+00
  -2.1372957e+00
  -2.1338018e+00
  -2.1303174e+00
  -2.1268423e+00
  -2.1233764e+00
  -2.1199198e+00
  -2.1164723e+00
  -2.1130341e+00
  -2.1096049e+00
  -2.1061848e+00
  -2.1027738e+00
  -2.0993718e+00
  -2.0959787e+00
  -2.0925946e+00
  -2.0892193e+00
  -2.0858529e+00
  -2.0824953e+00
  -2.0791465e+00
  -2.0758064e+00
  -2.0724750e+00
  -2.0691523e+00
  -2.0658382e+00
  -2.0625327e+00
  -2.0592358e+00
  -2.0559474e+00
  -2.0526674e+00
  -2.0493959e+00
  -2.0461329e+00
  -2.0428782e+00
  -2.0396318e+00
  -2.0363938e+00
  -2.0331640e+00
  -2.0299425e+00
  -2.0267292e+00
  -2.0235241e+00
  -2.0203271e+00
  -2.0171382e+00
  -2.0139574e+00
  -2.0107846e+00
  -2.0076198e+00
  -2.0044630e+00
  -2.0013142e+00
  -1.9981732e+00
  -1.9950401e+00
  -1.9919149e+00
  -1.9887975e+00
  -1.9856879e+00
  -1.9825860e+00
  -1.9794918e+00
  -1.9764053e+00
  -1.9733265e+00
  -1.9702553e+00
  -1.9671917e+00
  -1.9641357e+00
  -1.9610872e+00
  -1.9580462e+00
  -1.9550127e+00
  -1.9519866e+00
  -1.9489679e+00
  -1.9459566e+00
  -1.9429527e+00
  -1.9399561e+00
  -1.9369668e+00
  -1.9339848e+00
  -1.9310100e+00
  -1.9280424e+00
  -1.9250819e+00
  -1.9221287e+00
  -1.9191826e+00
  -1.9162435e+00
  -1.9133116e+00
  -1.9103866e+00
  -1.9074687e+00
  -1.9045578e+00
  -1.9016538e+00
  -1.8987568e+00
  -1.8958666e+00
  -1.8929834e+00
  -1.8901070e+00
  -1.8872374e+00
  -1.8843746e+00
  -1.8815186e+00
  -1.8786693e+00
  -1.8758268e+00
  -1.8729909e+00
  -1.8701617e+00
  -1.8673392e+00
  -1.8645233e+00
  -1.8617139e+00
  -1.8589111e+00
  -1.8561149e+00
  -1.8533252e+00
  -1.8505419e+00
  -1.8477652e+00
  -1.8449948e+00
  -1.8422309e+00
  -1.8394734e+00
  -1.8367222e+00
  -1.8339774e+00
  -1.8312389e+00
  -1.8285067e+00
  -1.8257808e+00
  -1.8230611e+00
  -1.8203477e+00
  -1.8176404e+00
  -1.8149393e+00
  -1.8122444e+00
  -1.8095556e+00
  -1.8068729e+00
  -1.8041963e+00
  -1.8015257e+00
  -1.7988612e+00
  -1.7962027e+00
  -1.7935502e+00
  -1.7909037e+00
  -1.7882631e+00
  -1.7856285e+00
  -1.7829997e+00
  -1.7803769e+00
  -1.7777599e+00
  -1.7751487e+00
  -1.7725434e+00
  -1.7699438e+00
  -1.7673501e+00
  -1.7647621e+00
  -1.7621798e+00
  -1.7596032e+00
  -1.7570323e+00
  -1.7544671e+00
  -1.7519076e+00
  -1.7493536e+00
  -1.7468053e+00
  -1.7442626e+00
  -1.7417254e+00
  -1.7391938e+00
  -1.7366677e+00
  -1.7341471e+00
  -1.7316320e+00
  -1.7291224e+00
  -1.7266182e+00
  -1.7241194e+00
  -1.7216261e+00
  -1.7191381e+00
  -1.7166555e+00
  -1.7141783e+00
  -1.7117064e+00
  -1.7092398e+00
  -1.7067785e+00
  -1.7043224e+00
  -1.7018716e+00
  -1.6994261e+00
  -1.6969858e+00
  -1.6945506e+00
  -1.6921207e+00
  -1.6896959e+00
  -1.6872763e+00
  -1.6848617e+00
  -1.6824523e+00
  -1.6800480e+00
  -1.6776487e+00
  -1.6752545e+00
  -1.6728654e+00
  -1.6704812e+00
  -1.6681021e+00
  -1.6657279e+00
  -1.6633587e+00
  -1.6609945e+00
  -1.6586351e+00
  -1.6562807e+00
  -1.6539312e+00
  -1.6515866e+00
  -1.6492468e+00
  -1.6469118e+00
  -1.6445817e+00
  -1.6422564e+00
  -1.6399359e+00
  -1.6376202e+00
  -1.6353092e+00
  -1.6330030e+00
  -1.6307015e+00
  -1.6284047e+00
  -1.6261127e+00
  -1.6238253e+00
  -1.6215425e+00
  -1.6192644e+00
  -1.6169909e+00
  -1.6147221e+00
  -1.6124578e+00
  -1.6101982e+00
  -1.6079431e+00
  -1.6056925e+00
  -1.6034465e+00
  -1.6012050e+00
  -1.5989680e+00
  -1.5967355e+00
  -1.5945075e+00
  -1.5922839e+00
  -1.5900648e+00
  -1.5878501e+00
  -1.5856399e+00
  -1.5834340e+00
  -1.5812325e+00
  -1.5790354e+00
  -1.5768426e+00
  -1.5746542e+00
  -1.5724701e+00
  -1.5702903e+00
  -1.5681148e+00
  -1.5659436e+00
  -1.5637767e+00
  -1.5616140e+00
  -1.5594556e+00
  -1.5573013e+00
  -1.5551513e+00
  -1.5530055e+00
  -1.5508639e+00
  -1.5487264e+00
  -1.5465931e+00
  -1.5444640e+00
  -1.5423390e+00
  -1.5402181e+00
  -1.5381012e+00
  -1.5359885e+00
  -1.5338799e+00
  -1.5317753e+00
  -1.5296747e+00
  -1.5275782e+00
  -1.5254857e+00
  -1.5233972e+00
  -1.5213128e+00
  -1.5192323e+00
  -1.5171557e+00
  -1.5150831e+00
  -1.5130145e+00
  -1.5109498e+00
  -1.5088890e+00
  -1.5068321e+00
  -1.5047791e+00
  -1.5027300e+00
  -1.5006847e+00
  -1.4986433e+00
  -1.4966058e+00
  -1.4945720e+00
  -1.4925421e+00
  -1.4905160e+00
  -1.4884937e+00
  -1.4864751e+00
  -1.4844604e+00
  -1.4824493e+00
  -1.4804421e+00
  -1.4784385e+00
  -1.4764387e+00
  -1.4744426e+00
  -1.4724501e+00
  -1.4704614e+00
  -1.4684763e+00
  -1.4664949e+00
  -1.4645172e+00
  -1.4625430e+00
  -1.4605725e+00
  -1.4586056e+00
  -1.4566424e+00
  -1.4546827e+00
  -1.4527265e+00
  -1.4507740e+00
  -1.4488250e+00
  -1.4468796e+00
  -1.4449376e+00
  -1.4429993e+00
  -1.4410644e+00
  -1.4391330e+00
  -1.4372051e+00
  -1.4352807e+00
  -1.4333598e+00
  -1.4314423e+00
  -1.4295282e+00
  -1.4276176e+00
  -1.4257104e+00
  -1.4238067e+00
  -1.4219063e+00
  -1.4200094e+00
  -1.4181158e+00
  -1.4162255e+00
  -1.4143387e+00
  -1.4124552e+00
  -1.4105750e+00
  -1.4086982e+00
  -1.4068247e+00
  -1.4049545e+00
  -1.4030876e+00
  -1.4012239e+00
  -1.3993636e+00
  -1.3975065e+00
  -1.3956527e+00
  -1.3938022e+00
  -1.3919548e+00
  -1.3901107e+00
  -1.3882699e+00
  -1.3864322e+00
  -1.3845977e+00
  -1.3827664e+00
  -1.3809383e+00
  -1.3791134e+00
  -1.3772916e+00
  -1.3754730e+00
  -1.3736575e+00
  -1.3718452e+00
  -1.3700359e+00
  -1.3682298e+00
  -1.3664268e+00
  -1.3646269e+00
  -1.3628301e+00
  -1.3610363e+00
  -1.3592456e+00
  -1.3574580e+00
  -1.3556734e+00
  -1.3538918e+00
  -1.3521133e+00
  -1.3503378e+00
  -1.3485653e+00
  -1.3467958e+00
  -1.3450293e+00
  -1.3432657e+00
  -1.3415052e+00
  -1.3397476e+00
  -1.3379930e+00
  -1.3362413e+00
  -1.3344926e+00
  -1.3327468e+00
  -1.3310039e+00
  -1.3292639e+00
  -1.3275268e+00
  -1.3257927e+00
  -1.3240614e+00
  -1.3223330e+00
  -1.3206074e+00
  -1.3188847e+00
  -1.3171649e+00
  -1.3154479e+00
  -1.3137338e+00
  -1.3120225e+00
  -1.3103140e+00
  -1.3086083e+00
  -1.3069054e+00
  -1.3052053e+00
  -1.3035080e+00
  -1.3018135e+00
  -1.3001217e+00
  -1.2984327e+00
  -1.2967465e+00
  -1.2950630e+00
  -1.2933822e+00
  -1.2917042e+00
  -1.2900289e+00
  -1.2883563e+00
  -1.2866864e+00
  -1.2850192e+00
  -1.2833547e+00
  -1.2816929e+00
  -1.2800337e+00
  -1.2783773e+00
  -1.2767234e+00
  -1.2750723e+00
  -1.2734237e+00
  -1.2717779e+00
  -1.2701346e+00
  -1.2684940e+00
  -1.2668559e+00
  -1.2652205e+00
  -1.2635877e+00
  -1.2619575e+00
  -1.2603298e+00
  -1.2587047e+00
  -1.2570822e+00
  -1.2554623e+00
  -1.2538449e+00
  -1.2522301e+00
  -1.2506177e+00
  -1.2490080e+00
  -1.2474007e+00
  -1.2457960e+00
  -1.2441938e+00
  -1.2425941e+00
  -1.2409968e+00
  -1.2394021e+00
  -1.2378099e+00
  -1.2362201e+00
  -1.2346328e+00
  -1.2330479e+00
  -1.2314655e+00
  -1.2298856e+00
  -1.2283081e+00
  -1.2267330e+00
  -1.2251604e+00
  -1.2235901e+00
  -1.2220223e+00
  -1.2204569e+00
  -1.2188939e+00
  -1.2173333e+00
  -1.2157751e+00
  -1.2142192e+00
  -1.2126657e+00
  -1.2111146e+00
  -1.2095658e+00
  -1.2080194e+00
  -1.2064754e+00
  -1.2049337e+00
  -1.2033943e+00
  -1.2018572e+00
  -1.2003225e+00
  -1.1987900e+00
  -1.1972599e+00
  -1.1957321e+00
  -1.1942066e+00
  -1.1926833e+00
  -1.1911624e+00
  -1.1896437e+00
  -1.1881273e+00
  -1.1866131e+00
  -1.1851012e+00
  -1.1835916e+00
  -1.1820842e+00
  -1.1805790e+00
  -1.1790761e+00
  -1.1775754e+00
  -1.1760769e+00
  -1.1745806e+00
  -1.1730865e+00
  -1.1715947e+00
  -1.1701050e+00
  -1.1686175e+00
  -1.1671322e+00
  -1.1656491e+00
  -1.1641681e+00
  -1.1626893e+00
  -1.1612127e+00
  -1.1597382e+00
  -1.1582659e+00
  -1.1567957e+00
  -1.1553277e+00
  -1.1538617e+00
  -1.1523979e+00
  -1.1509363e+00
  -1.1494767e+00
  -1.1480192e+00
  -1.1465639e+00
  -1.1451106e+00
  -1.1436594e+00
  -1.1422103e+00
  -1.1407633e+00
  -1.1393184e+00
  -1.1378755e+00
  -1.1364347e+00
  -1.1349960e+00
  -1.1335593e+00
  -1.1321246e+00
  -1.1306920e+00
  -1.1292614e+00
  -1.1278328e+00
  -1.1264063e+00
  -1.1249818e+00
  -1.1235593e+00
  -1.1221388e+00
  -1.1207203e+00
  -1.1193038e+00
  -1.1178893e+00
  -1.1164768e+00
  -1.1150662e+00
  -1.1136577e+00
  -1.1122511e+00
  -1.1108464e+00
  -1.1094438e+00
  -1.1080430e+00
  -1.1066443e+00
  -1.1052474e+00
  -1.1038526e+00
  -1.1024596e+00
  -1.1010686e+00
  -1.0996795e+00
  -1.0982923e+00
  -1.0969070e+00
  -1.0955237e+00
  -1.0941422e+00
  -1.0927626e+00
  -1.0913850e+00
  -1.0900092e+00
  -1.0886353e+00
  -1.0872633e+00
  -1.0858931e+00
  -1.0845249e+00
  -1.0831585e+00
  -1.0817939e+00
  -1.0804312e+00
  -1.0790704e+00
  -1.0777113e+00
  -1.0763542e+00
  -1.0749988e+00
  -1.0736453e+00
  -1.0722937e+00
  -1.0709438e+00
  -1.0695958e+00
  -1.0682495e+00
  -1.0669051e+00
  -1.0655625e+00
  -1.0642217e+00
  -1.0628826e+00
  -1.0615454e+00
  -1.0602099e+00
  -1.0588762e+00
  -1.0575443e+00
  -1.0562141e+00
  -1.0548858e+00
  -1.0535591e+00
  -1.0522343e+00
  -1.0509112e+00
  -1.0495898e+00
  -1.0482702e+00
  -1.0469523e+00
  -1.0456361e+00
  -1.0443217e+00
  -1.0430090e+00
  -1.0416980e+00
  -1.0403887e+00
  -1.0390812e+00
  -1.0377753e+00
  -1.0364711e+00
  -1.0351687e+00
  -1.0338679e+00
  -1.0325689e+00
  -1.0312715e+00
  -1.0299758e+00
  -1.0286817e+00
  -1.0273894e+00
  -1.0260987e+00
  -1.0248096e+00
  -1.0235223e+00
  -1.0222365e+00
  -1.0209525e+00
  -1.0196701e+00
  -1.0183893e+00
  -1.0171101e+00
  -1.0158326e+00
  -1.0145568e+00
  -1.0132825e+00
  -1.0120099e+00
  -1.0107389e+00
  -1.0094695e+00
  -1.0082017e+00
  -1.0069355e+00
  -1.0056709e+00
  -1.0044079e+00
  -1.0031465e+00
  -1.0018867e+00
  -1.0006285e+00
  -9.9937188e-01
  -9.9811682e-01
  -9.9686333e-01
  -9.9561141e-01
  -9.9436106e-01
  -9.9311227e-01
  -9.9186504e-01
  -9.9061936e-01
  -9.8937523e-01
  -9.8813264e-01
  -9.8689160e-01
  -9.8565210e-01
  -9.8441413e-01
  -9.8317769e-01
  -9.8194278e-01
  -9.8070939e-01
  -9.7947752e-01
  -9.7824716e-01
  -9.7701832e-01
  -9.7579098e-01
  -9.7456515e-01
  -9.7334082e-01
  -9.7211798e-01
  -9.7089664e-01
  -9.6967679e-01
  -9.6845842e-01
  -9.6724153e-01
  -9.6602613e-01
  -9.6481219e-01
  -9.6359973e-01
  -9.6238874e-01
  -9.6117921e-01
  -9.5997113e-01
  -9.5876452e-01
  -9.5755936e-01
  -9.5635565e-01
  -9.5515338e-01
  -9.5395256e-01
  -9.5275317e-01
  -9.5155522e-01
  -9.5035870e-01
  -9.4916361e-01
  -9.4796994e-01
  -9.4677770e-01
  -9.4558687e-01
  -9.4439746e-01
  -9.4320946e-01
  -9.4202286e-01
  -9.4083767e-01
  -9.3965388e-01
  -9.3847148e-01
  -9.3729048e-01
  -9.3611087e-01
  -9.3493265e-01
  -9.3375581e-01
  -9.3258035e-01
  -9.3140627e-01
  -9.3023356e-01
  -9.2906222e-01
  -9.2789224e-01
  -9.2672363e-01
  -9.2555638e-01
  -9.2439049e-01
  -9.2322595e-01
  -9.2206276e-01
  -9.2090092e-01
  -9.1974042e-01
  -9.1858127e-01
  -9.1742345e-01
  -9.1626696e-01
  -9.1511180e-01
  -9.1395798e-01
  -9.1280547e-01
  -9.1165429e-01
  -9.1050443e-01
  -9.0935588e-01
  -9.0820864e-01
  -9.0706271e-01
  -9.0591809e-01
  -9.0477477e-01
  -9.0363274e-01
  -9.0249202e-01
  -9.0135259e-01
  -9.0021444e-01
  -8.9907759e-01
  -8.9794201e-01
  -8.9680772e-01
  -8.9567471e-01
  -8.9454297e-01
  -8.9341250e-01
  -8.9228330e-01
  -8.9115537e-01
  -8.9002869e-01
  -8.8890328e-01
  -8.8777913e-01
  -8.8665622e-01
  -8.8553457e-01
  -8.8441417e-01
  -8.8329501e-01
  -8.8217709e-01
  -8.8106041e-01
  -8.7994496e-01
  -8.7883075e-01
  -8.7771777e-01
  -8.7660601e-01
  -8.7549548e-01
  -8.7438617e-01
  -8.7327808e-01
  -8.7217121e-01
  -8.7106554e-01
  -8.6996109e-01
  -8.6885784e-01
  -8.6775580e-01
  -8.6665495e-01
  -8.6555531e-01
  -8.6445686e-01
  -8.6335961e-01
  -8.6226354e-01
  -8.6116866e-01
  -8.6007496e-01
  -8.5898245e-01
  -8.5789112e-01
  -8.5680096e-01
  -8.5571197e-01
  -8.5462416e-01
  -8.5353751e-01
  -8.5245202e-01
  -8.5136770e-01
  -8.5028454e-01
  -8.4920254e-01
  -8.4812169e-01
  -8.4704199e-01
  -8.4596344e-01
  -8.4488603e-01
  -8.4380977e-01
  -8.4273465e-01
  -8.4166067e-01
  -8.4058782e-01
  -8.3951610e-01
  -8.3844552e-01
  -8.3737606e-01
  -8.3630773e-01
  -8.3524052e-01
  -8.3417443e-01
  -8.3310945e-01
  -8.3204559e-01
  -8.3098285e-01
  -8.2992121e-01
  -8.2886067e-01
  -8.2780125e-01
  -8.2674292e-01
  -8.2568569e-01
  -8.2462956e-01
  -8.2357452e-01
  -8.2252058e-01
  -8.2146772e-01
  -8.2041595e-01
  -8.1936526e-01
  -8.1831566e-01
  -8.1726713e-01
  -8.1621968e-01
  -8.1517330e-01
  -8.1412800e-01
  -8.1308376e-01
  -8.1204059e-01
  -8.1099848e-01
  -8.0995744e-01
  -8.0891745e-01
  -8.0787852e-01
  -8.0684065e-01
  -8.0580382e-01
  -8.0476805e-01
  -8.0373332e-01
  -8.0269964e-01
  -8.0166700e-01
  -8.0063540e-01
  -7.9960484e-01
  -7.9857531e-01
  -7.9754681e-01
  -7.9651935e-01
  -7.9549291e-01
  -7.9446750e-01
  -7.9344311e-01
  -7.9241974e-01
  -7.9139739e-01
  -7.9037606e-01
  -7.8935574e-01
  -7.8833643e-01
  -7.8731814e-01
  -7.8630085e-01
  -7.8528456e-01
  -7.8426927e-01
  -7.8325499e-01
  -7.8224170e-01
  -7.8122941e-01
  -7.8021812e-01
  -7.7920781e-01
  -7.7819849e-01
  -7.7719016e-01
  -7.7618282e-01
  -7.7517645e-01
  -7.7417107e-01
  -7.7316666e-01
  -7.7216323e-01
  -7.7116077e-01
  -7.7015928e-01
  -7.6915876e-01
  -7.6815921e-01
  -7.6716062e-01
  -7.6616300e-01
  -7.6516633e-01
  -7.6417063e-01
  -7.6317587e-01
  -7.6218207e-01
  -7.6118923e-01
  -7.6019733e-01
  -7.5920638e-01
  -7.5821637e-01
  -7.5722731e-01
  -7.5623919e-01
  -7.5525201e-01
  -7.5426576e-01
  -7.5328045e-01
  -7.5229607e-01
  -7.5131262e-01
  -7.5033009e-01
  -7.4934850e-01
  -7.4836782e-01
  -7.4738807e-01
  -7.4640924e-01
  -7.4543133e-01
  -7.4445433e-01
  -7.4347825e-01
  -7.4250308e-01
  -7.4152881e-01
  -7.4055546e-01
  -7.3958301e-01
  -7.3861146e-01
  -7.3764082e-01
  -7.3667107e-01
  -7.3570222e-01
  -7.3473427e-01
  -7.3376721e-01
  -7.3280104e-01
  -7.3183576e-01
  -7.3087137e-01
  -7.2990786e-01
  -7.2894524e-01
  -7.2798349e-01
  -7.2702263e-01
  -7.2606264e-01
  -7.2510353e-01
  -7.2414530e-01
  -7.2318793e-01
  -7.2223144e-01
  -7.2127581e-01
  -7.2032105e-01
  -7.1936715e-01
  -7.1841412e-01
  -7.1746194e-01
  -7.1651062e-01
  -7.1556016e-01
  -7.1461055e-01
  -7.1366180e-01
  -7.1271389e-01
  -7.1176684e-01
  -7.1082063e-01
  -7.0987526e-01
  -7.0893074e-01
  -7.0798706e-01
  -7.0704422e-01
  -7.0610222e-01
  -7.0516105e-01
  -7.0422071e-01
  -7.0328121e-01
  -7.0234254e-01
  -7.0140469e-01
  -7.0046767e-01
  -6.9953148e-01
  -6.9859611e-01
  -6.9766156e-01
  -6.9672783e-01
  -6.9579491e-01
  -6.9486281e-01
  -6.9393153e-01
  -6.9300105e-01
  -6.9207139e-01
  -6.9114253e-01
  -6.9021448e-01
  -6.8928724e-01
  -6.8836080e-01
  -6.8743515e-01
  -6.8651031e-01
  -6.8558627e-01
  -6.8466302e-01
  -6.8374057e-01
  -6.8281890e-01
  -6.8189803e-01
  -6.8097795e-01
  -6.8005865e-01
  -6.7914014e-01
  -6.7822241e-01
  -6.7730547e-01
  -6.7638930e-01
  -6.7547392e-01
  -6.7455931e-01
  -6.7364547e-01
  -6.7273241e-01
  -6.7182012e-01
  -6.7090860e-01
  -6.6999785e-01
  -6.6908786e-01
  -6.6817864e-01
  -6.6727018e-01
  -6.6636248e-01
  -6.6545555e-01
  -6.6454937e-01
  -6.6364395e-01
  -6.6273928e-01
  -6.6183536e-01
  -6.6093220e-01
  -6.6002979e-01
  -6.5912812e-01
  -6.5822720e-01
  -6.5732703e-01
  -6.5642760e-01
  -6.5552891e-01
  -6.5463096e-01
  -6.5373375e-01
  -6.5283728e-01
  -6.5194154e-01
  -6.5104654e-01
  -6.5015226e-01
  -6.4925872e-01
  -6.4836591e-01
  -6.4747382e-01
  -6.4658246e-01
  -6.4569182e-01
  -6.4480191e-01
  -6.4391271e-01
  -6.4302424e-01
  -6.4213648e-01
  -6.4124944e-01
  -6.4036311e-01
  -6.3947750e-01
  -6.3859260e-01
  -6.3770840e-01
  -6.3682492e-01
  -6.3594214e-01
  -6.3506007e-01
  -6.3417870e-01
  -6.3329803e-01
  -6.3241807e-01
  -6.3153880e-01
  -6.3066023e-01
  -6.2978236e-01
  -6.2890518e-01
  -6.2802869e-01
  -6.2715290e-01
  -6.2627780e-01
  -6.2540338e-01
  -6.2452965e-01
  -6.2365661e-01
  -6.2278425e-01
  -6.2191257e-01
  -6.2104157e-01
  -6.2017126e-01
  -6.1930162e-01
  -6.1843265e-01
  -6.1756437e-01
  -6.1669675e-01
  -6.1582981e-01
  -6.1496354e-01
  -6.1409794e-01
  -6.1323301e-01
  -6.1236874e-01
  -6.1150513e-01
  -6.1064219e-01
  -6.0977992e-01
  -6.0891830e-01
  -6.0805734e-01
  -6.0719704e-01
  -6.0633740e-01
  -6.0547841e-01
  -6.0462007e-01
  -6.0376239e-01
  -6.0290535e-01
  -6.0204897e-01
  -6.0119323e-01
  -6.0033814e-01
  -5.9948369e-01
  -5.9862989e-01
  -5.9777673e-01
  -5.9692421e-01
  -5.9607233e-01
  -5.9522109e-01
  -5.9437048e-01
  -5.9352051e-01
  -5.9267117e-01
  -5.9182247e-01
  -5.9097439e-01
  -5.9012695e-01
  -5.8928013e-01
  -5.8843394e-01
  -5.8758838e-01
  -5.8674344e-01
  -5.8589912e-01
  -5.8505543e-01
  -5.8421235e-01
  -5.8336989e-01
  -5.8252805e-01
  -5.8168683e-01
  -5.8084622e-01
  -5.8000622e-01
  -5.7916684e-01
  -5.7832807e-01
  -5.7748990e-01
  -5.7665235e-01
  -5.7581540e-01
  -5.7497906e-01
  -5.7414332e-01
  -5.7330818e-01
  -5.7247364e-01
  -5.7163971e-01
  -5.7080637e-01
  -5.6997363e-01
  -5.6914149e-01
  -5.6830995e-01
  -5.6747899e-01
  -5.6664863e-01
  -5.6581886e-01
  -5.6498968e-01
  -5.6416109e-01
  -5.6333308e-01
  -5.6250566e-01
  -5.6167883e-01
  -5.6085258e-01
  -5.6002691e-01
  -5.5920182e-01
  -5.5837731e-01
  -5.5755338e-01
  -5.5673003e-01
  -5.5590725e-01
  -5.5508505e-01
  -5.5426342e-01
  -5.5344236e-01
  -5.5262188e-01
  -5.5180196e-01
  -5.5098261e-01
  -5.5016383e-01
  -5.4934562e-01
  -5.4852796e-01
  -5.4771088e-01
  -5.4689435e-01
  -5.4607839e-01
  -5.4526298e-01
  -5.4444814e-01
  -5.4363385e-01
  -5.4282012e-01
  -5.4200694e-01
  -5.4119431e-01
  -5.4038224e-01
  -5.3957072e-01
  -5.3875975e-01
  -5.3794933e-01
  -5.3713946e-01
  -5.3633013e-01
  -5.3552135e-01
  -5.3471311e-01
  -5.3390542e-01
  -5.3309826e-01
  -5.3229165e-01
  -5.3148558e-01
  -5.3068004e-01
  -5.2987504e-01
  -5.2907058e-01
  -5.2826665e-01
  -5.2746326e-01
  -5.2666040e-01
  -5.2585807e-01
  -5.2505627e-01
  -5.2425499e-01
  -5.2345425e-01
  -5.2265403e-01
  -5.2185434e-01
  -5.2105517e-01
  -5.2025653e-01
  -5.1945841e-01
  -5.1866080e-01
  -5.1786372e-01
  -5.1706716e-01
  -5.1627111e-01
  -5.1547558e-01
  -5.1468057e-01
  -5.1388607e-01
  -5.1309208e-01
  -5.1229860e-01
  -5.1150564e-01
  -5.1071318e-01
  -5.0992123e-01
  -5.0912979e-01
  -5.0833886e-01
  -5.0754843e-01
  -5.0675850e-01
  -5.0596908e-01
  -5.0518016e-01
  -5.0439174e-01
  -5.0360382e-01
  -5.0281640e-01
  -5.0202948e-01
  -5.0124305e-01
  -5.0045712e-01
  -4.9967168e-01
  -4.9888673e-01
  -4.9810228e-01
  -4.9731832e-01
  -4.9653484e-01
  -4.9575186e-01
  -4.9496936e-01
  -4.9418735e-01
  -4.9340583e-01
  -4.9262479e-01
  -4.9184423e-01
  -4.9106415e-01
  -4.9028456e-01
  -4.8950545e-01
  -4.8872681e-01
  -4.8794866e-01
  -4.8717098e-01
  -4.8639378e-01
  -4.8561705e-01
  -4.8484079e-01
  -4.8406501e-01
  -4.8328970e-01
  -4.8251486e-01
  -4.8174049e-01
  -4.8096659e-01
  -4.8019316e-01
  -4.7942019e-01
  -4.7864769e-01
  -4.7787566e-01
  -4.7710408e-01
  -4.7633297e-01
  -4.7556232e-01
  -4.7479213e-01
  -4.7402241e-01
  -4.7325313e-01
  -4.7248432e-01
  -4.7171596e-01
  -4.7094806e-01
  -4.7018061e-01
  -4.6941362e-01
  -4.6864708e-01
  -4.6788099e-01
  -4.6711535e-01
  -4.6635016e-01
  -4.6558541e-01
  -4.6482112e-01
  -4.6405727e-01
  -4.6329386e-01
  -4.6253090e-01
  -4.6176839e-01
  -4.6100631e-01
  -4.6024468e-01
  -4.5948349e-01
  -4.5872274e-01
  -4.5796242e-01
  -4.5720255e-01
  -4.5644311e-01
  -4.5568410e-01
  -4.5492553e-01
  -4.5416739e-01
  -4.5340969e-01
  -4.5265242e-01
  -4.5189557e-01
  -4.5113916e-01
  -4.5038318e-01
  -4.4962762e-01
  -4.4887249e-01
  -4.4811779e-01
  -4.4736351e-01
  -4.4660965e-01
  -4.4585622e-01
  -4.4510321e-01
  -4.4435062e-01
  -4.4359846e-01
  -4.4284671e-01
  -4.4209538e-01
  -4.4134446e-01
  -4.4059396e-01
  -4.3984388e-01
  -4.3909421e-01
  -4.3834496e-01
  -4.3759612e-01
  -4.3684769e-01
  -4.3609967e-01
  -4.3535206e-01
  -4.3460486e-01
  -4.3385807e-01
  -4.3311168e-01
  -4.3236570e-01
  -4.3162013e-01
  -4.3087496e-01
  -4.3013019e-01
  -4.2938583e-01
  -4.2864187e-01
  -4.2789831e-01
  -4.2715514e-01
  -4.2641238e-01
  -4.2567001e-01
  -4.2492805e-01
  -4.2418647e-01
  -4.2344530e-01
  -4.2270451e-01
  -4.2196412e-01
  -4.2122413e-01
  -4.2048452e-01
  -4.1974531e-01
  -4.1900648e-01
  -4.1826805e-01
  -4.1753000e-01
  -4.1679234e-01
  -4.1605506e-01
  -4.1531818e-01
  -4.1458167e-01
  -4.1384555e-01
  -4.1310981e-01
  -4.1237446e-01
  -4.1163948e-01
  -4.1090488e-01
  -4.1017067e-01
  -4.0943683e-01
  -4.0870337e-01
  -4.0797029e-01
  -4.0723758e-01
  -4.0650525e-01
  -4.0577329e-01
  -4.0504170e-01
  -4.0431049e-01
  -4.0357964e-01
  -4.0284917e-01
  -4.0211907e-01
  -4.0138934e-01
  -4.0065997e-01
  -3.9993097e-01
  -3.9920234e-01
  -3.9847408e-01
  -3.9774617e-01
  -3.9701864e-01
  -3.9629146e-01
  -3.9556465e-01
  -3.9483820e-01
  -3.9411210e-01
  -3.9338637e-01
  -3.9266100e-01
  -3.9193598e-01
  -3.9121132e-01
  -3.9048702e-01
  -3.8976307e-01
  -3.8903948e-01
  -3.8831624e-01
  -3.8759336e-01
  -3.8687082e-01
  -3.8614864e-01
  -3.8542681e-01
  -3.8470532e-01
  -3.8398419e-01
  -3.8326340e-01
  -3.8254296e-01
  -3.8182287e-01
  -3.8110312e-01
  -3.8038372e-01
  -3.7966466e-01
  -3.7894594e-01
  -3.7822757e-01
  -3.7750954e-01
  -3.7679185e-01
  -3.7607449e-01
  -3.7535748e-01
  -3.7464080e-01
  -3.7392447e-01
  -3.7320846e-01
  -3.7249280e-01
  -3.7177747e-01
  -3.7106247e-01
  -3.7034781e-01
  -3.6963348e-01
  -3.6891948e-01
  -3.6820581e-01
  -3.6749247e-01
  -3.6677946e-01
  -3.6606678e-01
  -3.6535443e-01
  -3.6464240e-01
  -3.6393070e-01
  -3.6321933e-01
  -3.6250828e-01
  -3.6179756e-01
  -3.6108715e-01
  -3.6037707e-01
  -3.5966731e-01
  -3.5895788e-01
  -3.5824876e-01
  -3.5753996e-01
  -3.5683148e-01
  -3.5612332e-01
  -3.5541547e-01
  -3.5470794e-01
  -3.5400073e-01
  -3.5329383e-01
  -3.5258724e-01
  -3.5188097e-01
  -3.5117500e-01
  -3.5046935e-01
  -3.4976402e-01
  -3.4905899e-01
  -3.4835427e-01
  -3.4764986e-01
  -3.4694575e-01
  -3.4624196e-01
  -3.4553846e-01
  -3.4483528e-01
  -3.4413240e-01
  -3.4342982e-01
  -3.4272755e-01
  -3.4202558e-01
  -3.4132391e-01
  -3.4062254e-01
  -3.3992147e-01
  -3.3922070e-01
  -3.3852023e-01
  -3.3782006e-01
  -3.3712018e-01
  -3.3642061e-01
  -3.3572132e-01
  -3.3502233e-01
  -3.3432364e-01
  -3.3362524e-01
  -3.3292713e-01
  -3.3222932e-01
  -3.3153179e-01
  -3.3083456e-01
  -3.3013761e-01
  -3.2944096e-01
  -3.2874459e-01
  -3.2804851e-01
  -3.2735272e-01
  -3.2665721e-01
  -3.2596199e-01
  -3.2526706e-01
  -3.2457241e-01
  -3.2387804e-01
  -3.2318395e-01
  -3.2249015e-01
  -3.2179662e-01
  -3.2110338e-01
  -3.2041042e-01
  -3.1971773e-01
  -3.1902533e-01
  -3.1833320e-01
  -3.1764135e-01
  -3.1694977e-01
  -3.1625847e-01
  -3.1556745e-01
  -3.1487670e-01
  -3.1418622e-01
  -3.1349601e-01
  -3.1280608e-01
  -3.1211642e-01
  -3.1142702e-01
  -3.1073790e-01
  -3.1004905e-01
  -3.0936046e-01
  -3.0867215e-01
  -3.0798409e-01
  -3.0729631e-01
  -3.0660879e-01
  -3.0592154e-01
  -3.0523455e-01
  -3.0454782e-01
  -3.0386136e-01
  -3.0317516e-01
  -3.0248922e-01
  -3.0180354e-01
  -3.0111812e-01
  -3.0043296e-01
  -2.9974806e-01
  -2.9906341e-01
  -2.9837903e-01
  -2.9769490e-01
  -2.9701103e-01
  -2.9632741e-01
  -2.9564404e-01
  -2.9496093e-01
  -2.9427808e-01
  -2.9359547e-01
  -2.9291312e-01
  -2.9223102e-01
  -2.9154917e-01
  -2.9086756e-01
  -2.9018621e-01
  -2.8950511e-01
  -2.8882425e-01
  -2.8814364e-01
  -2.8746328e-01
  -2.8678316e-01
  -2.8610329e-01
  -2.8542366e-01
  -2.8474428e-01
  -2.8406514e-01
  -2.8338624e-01
  -2.8270758e-01
  -2.8202917e-01
  -2.8135099e-01
  -2.8067306e-01
  -2.7999536e-01
  -2.7931790e-01
  -2.7864068e-01
  -2.7796370e-01
  -2.7728695e-01
  -2.7661044e-01
  -2.7593417e-01
  -2.7525813e-01
  -2.7458232e-01
  -2.7390674e-01
  -2.7323140e-01
  -2.7255629e-01
  -2.7188141e-01
  -2.7120676e-01
  -2.7053235e-01
  -2.6985816e-01
  -2.6918420e-01
  -2.6851046e-01
  -2.6783696e-01
  -2.6716368e-01
  -2.6649063e-01
  -2.6581780e-01
  -2.6514520e-01
  -2.6447282e-01
  -2.6380066e-01
  -2.6312873e-01
  -2.6245702e-01
  -2.6178553e-01
  -2.6111426e-01
  -2.6044321e-01
  -2.5977239e-01
  -2.5910178e-01
  -2.5843139e-01
  -2.5776121e-01
  -2.5709126e-01
  -2.5642152e-01
  -2.5575199e-01
  -2.5508268e-01
  -2.5441359e-01
  -2.5374471e-01
  -2.5307604e-01
  -2.5240759e-01
  -2.5173935e-01
  -2.5107131e-01
  -2.5040349e-01
  -2.4973588e-01
  -2.4906848e-01
  -2.4840129e-01
  -2.4773431e-01
  -2.4706753e-01
  -2.4640096e-01
  -2.4573460e-01
  -2.4506844e-01
  -2.4440249e-01
  -2.4373674e-01
  -2.4307120e-01
  -2.4240586e-01
  -2.4174072e-01
  -2.4107579e-01
  -2.4041105e-01
  -2.3974652e-01
  -2.3908218e-01
  -2.3841805e-01
  -2.3775412e-01
  -2.3709038e-01
  -2.3642684e-01
  -2.3576350e-01
  -2.3510035e-01
  -2.3443740e-01
  -2.3377465e-01
  -2.3311209e-01
  -2.3244973e-01
  -2.3178755e-01
  -2.3112558e-01
  -2.3046379e-01
  -2.2980219e-01
  -2.2914079e-01
  -2.2847958e-01
  -2.2781855e-01
  -2.2715772e-01
  -2.2649707e-01
  -2.2583661e-01
  -2.2517634e-01
  -2.2451626e-01
  -2.2385636e-01
  -2.2319665e-01
  -2.2253712e-01
  -2.2187778e-01
  -2.2121862e-01
  -2.2055965e-01
  -2.1990085e-01
  -2.1924224e-01
  -2.1858381e-01
  -2.1792556e-01
  -2.1726750e-01
  -2.1660961e-01
  -2.1595190e-01
  -2.1529437e-01
  -2.1463701e-01
  -2.1397984e-01
  -2.1332284e-01
  -2.1266602e-01
  -2.1200937e-01
  -2.1135289e-01
  -2.1069660e-01
  -2.1004047e-01
  -2.0938452e-01
  -2.0872874e-01
  -2.0807313e-01
  -2.0741770e-01
  -2.0676243e-01
  -2.0610734e-01
  -2.0545241e-01
  -2.0479766e-01
  -2.0414307e-01
  -2.0348865e-01
  -2.0283440e-01
  -2.0218031e-01
  -2.0152639e-01
  -2.0087264e-01
  -2.0021905e-01
  -1.9956563e-01
  -1.9891237e-01
  -1.9825927e-01
  -1.9760634e-01
  -1.9695356e-01
  -1.9630095e-01
  -1.9564850e-01
  -1.9499621e-01
  -1.9434408e-01
  -1.9369211e-01
  -1.9304030e-01
  -1.9238865e-01
  -1.9173715e-01
  -1.9108581e-01
  -1.9043463e-01
  -1.8978360e-01
  -1.8913273e-01
  -1.8848201e-01
  -1.8783145e-01
  -1.8718104e-01
  -1.8653079e-01
  -1.8588068e-01
  -1.8523073e-01
  -1.8458093e-01
  -1.8393128e-01
  -1.8328178e-01
  -1.8263243e-01
  -1.8198323e-01
  -1.8133417e-01
  -1.8068527e-01
  -1.8003651e-01
  -1.7938790e-01
  -1.7873944e-01
  -1.7809112e-01
  -1.7744294e-01
  -1.7679491e-01
  -1.7614703e-01
  -1.7549928e-01
  -1.7485169e-01
  -1.7420423e-01
  -1.7355691e-01
  -1.7290974e-01
  -1.7226270e-01
  -1.7161581e-01
  -1.7096906e-01
  -1.7032244e-01
  -1.6967597e-01
  -1.6902963e-01
  -1.6838342e-01
  -1.6773736e-01
  -1.6709143e-01
  -1.6644564e-01
  -1.6579998e-01
  -1.6515446e-01
  -1.6450907e-01
  -1.6386381e-01
  -1.6321869e-01
  -1.6257370e-01
  -1.6192884e-01
  -1.6128411e-01
  -1.6063951e-01
  -1.5999504e-01
  -1.5935071e-01
  -1.5870650e-01
  -1.5806242e-01
  -1.5741846e-01
  -1.5677464e-01
  -1.5613094e-01
  -1.5548737e-01
  -1.5484392e-01
  -1.5420060e-01
  -1.5355741e-01
  -1.5291433e-01
  -1.5227138e-01
  -1.5162856e-01
  -1.5098586e-01
  -1.5034327e-01
  -1.4970081e-01
  -1.4905848e-01
  -1.4841626e-01
  -1.4777416e-01
  -1.4713218e-01
  -1.4649032e-01
  -1.4584857e-01
  -1.4520695e-01
  -1.4456544e-01
  -1.4392405e-01
  -1.4328277e-01
  -1.4264161e-01
  -1.4200057e-01
  -1.4135964e-01
  -1.4071882e-01
  -1.4007812e-01
  -1.3943752e-01
  -1.3879705e-01
  -1.3815668e-01
  -1.3751642e-01
  -1.3687628e-01
  -1.3623624e-01
  -1.3559632e-01
  -1.3495650e-01
  -1.3431679e-01
  -1.3367719e-01
  -1.3303770e-01
  -1.3239831e-01
  -1.3175903e-01
  -1.3111986e-01
  -1.3048079e-01
  -1.2984183e-01
  -1.2920297e-01
  -1.2856421e-01
  -1.2792556e-01
  -1.2728701e-01
  -1.2664856e-01
  -1.2601022e-01
  -1.2537197e-01
  -1.2473383e-01
  -1.2409578e-01
  -1.2345784e-01
  -1.2281999e-01
  -1.2218225e-01
  -1.2154460e-01
  -1.2090704e-01
  -1.2026959e-01
  -1.1963223e-01
  -1.1899497e-01
  -1.1835780e-01
  -1.1772073e-01
  -1.1708375e-01
  -1.1644686e-01
  -1.1581007e-01
  -1.1517337e-01
  -1.1453676e-01
  -1.1390025e-01
  -1.1326382e-01
  -1.1262749e-01
  -1.1199125e-01
  -1.1135509e-01
  -1.1071903e-01
  -1.1008305e-01
  -1.0944716e-01
  -1.0881136e-01
  -1.0817565e-01
  -1.0754002e-01
  -1.0690448e-01
  -1.0626902e-01
  -1.0563365e-01
  -1.0499836e-01
  -1.0436316e-01
  -1.0372804e-01
  -1.0309300e-01
  -1.0245804e-01
  -1.0182317e-01
  -1.0118838e-01
  -1.0055367e-01
  -9.9919034e-02
  -9.9284482e-02
  -9.8650009e-02
  -9.8015615e-02
  -9.7381299e-02
  -9.6747061e-02
  -9.6112900e-02
  -9.5478816e-02
  -9.4844807e-02
  -9.4210874e-02
  -9.3577016e-02
  -9.2943233e-02
  -9.2309524e-02
  -9.1675888e-02
  -9.1042325e-02
  -9.0408835e-02
  -8.9775416e-02
  -8.9142069e-02
  -8.8508794e-02
  -8.7875588e-02
  -8.7242452e-02
  -8.6609386e-02
  -8.5976389e-02
  -8.5343460e-02
  -8.4710599e-02
  -8.4077805e-02
  -8.3445078e-02
  -8.2812418e-02
  -8.2179823e-02
  -8.1547294e-02
  -8.0914830e-02
  -8.0282429e-02
  -7.9650093e-02
  -7.9017820e-02
  -7.8385609e-02
  -7.7753461e-02
  -7.7121375e-02
  -7.6489350e-02
  -7.5857386e-02
  -7.5225482e-02
  -7.4593637e-02
  -7.3961852e-02
  -7.3330126e-02
  -7.2698458e-02
  -7.2066847e-02
  -7.1435294e-02
  -7.0803797e-02
  -7.0172357e-02
  -6.9540972e-02
  -6.8909643e-02
  -6.8278368e-02
  -6.7647147e-02
  -6.7015980e-02
  -6.6384866e-02
  -6.5753805e-02
  -6.5122796e-02
  -6.4491838e-02
  -6.3860932e-02
  -6.3230076e-02
  -6.2599271e-02
  -6.1968515e-02
  -6.1337808e-02
  -6.0707150e-02
  -6.0076539e-02
  -5.9445977e-02
  -5.8815462e-02
  -5.8184993e-02
  -5.7554570e-02
  -5.6924193e-02
  -5.6293861e-02
  -5.5663573e-02
  -5.5033330e-02
  -5.4403130e-02
  -5.3772973e-02
  -5.3142859e-02
  -5.2512787e-02
  -5.1882757e-02
  -5.1252767e-02
  -5.0622819e-02
  -4.9992910e-02
  -4.9363041e-02
  -4.8733211e-02
  -4.8103419e-02
  -4.7473665e-02
  -4.6843950e-02
  -4.6214271e-02
  -4.5584628e-02
  -4.4955022e-02
  -4.4325452e-02
  -4.3695916e-02
  -4.3066415e-02
  -4.2436948e-02
  -4.1807515e-02
  -4.1178114e-02
  -4.0548747e-02
  -3.9919411e-02
  -3.9290107e-02
  -3.8660834e-02
  -3.8031592e-02
  -3.7402379e-02
  -3.6773196e-02
  -3.6144043e-02
  -3.5514917e-02
  -3.4885820e-02
  -3.4256751e-02
  -3.3627708e-02
  -3.2998693e-02
  -3.2369703e-02
  -3.1740739e-02
  -3.1111800e-02
  -3.0482885e-02
  -2.9853995e-02
  -2.9225128e-02
  -2.8596284e-02
  -2.7967463e-02
  -2.7338664e-02
  -2.6709887e-02
  -2.6081130e-02
  -2.5452395e-02
  -2.4823679e-02
  -2.4194983e-02
  -2.3566306e-02
  -2.2937648e-02
  -2.2309008e-02
  -2.1680385e-02
  -2.1051780e-02
  -2.0423191e-02
  -1.9794618e-02
  -1.9166061e-02
  -1.8537520e-02
  -1.7908992e-02
  -1.7280479e-02
  -1.6651980e-02
  -1.6023494e-02
  -1.5395020e-02
  -1.4766559e-02
  -1.4138109e-02
  -1.3509670e-02
  -1.2881242e-02
  -1.2252824e-02
  -1.1624416e-02
  -1.0996017e-02
  -1.0367627e-02
  -9.7392451e-03
  -9.1108708e-03
  -8.4825036e-03
  -7.8541431e-03
  -7.2257889e-03
  -6.5974403e-03
  -5.9690969e-03
  -5.3407583e-03
  -4.7124239e-03
  -4.0840932e-03
  -3.4557657e-03
  -2.8274409e-03
  -2.1991184e-03
  -1.5707976e-03
  -9.4247808e-04
  -3.1415928e-04
   3.1415928e-04
   9.4247808e-04
   1.5707976e-03
   2.1991184e-03
   2.8274409e-03
   3.4557657e-03
   4.0840932e-03
   4.7124239e-03
   5.3407583e-03
   5.9690969e-03
   6.5974403e-03
   7.2257889e-03
   7.8541431e-03
   8.4825036e-03
   9.1108708e-03
   9.7392451e-03
   1.0367627e-02
   1.0996017e-02
   1.1624416e-02
   1.2252824e-02
   1.2881242e-02
   1.3509670e-02
   1.4138109e-02
   1.4766559e-02
   1.5395020e-02
   1.6023494e-02
   1.6651980e-02
   1.7280479e-02
   1.7908992e-02
   1.8537520e-02
   1.9166061e-02
   1.9794618e-02
   2.0423191e-02
   2.1051780e-02
   2.1680385e-02
   2.2309008e-02
   2.2937648e-02
   2.3566306e-02
   2.4194983e-02
   2.4823679e-02
   2.5452395e-02
   2.6081130e-02
   2.6709887e-02
   2.7338664e-02
   2.7967463e-02
   2.8596284e-02
   2.9225128e-02
   2.9853995e-02
   3.0482885e-02
   3.1111800e-02
   3.1740739e-02
   3.2369703e-02
   3.2998693e-02
   3.3627708e-02
   3.4256751e-02
   3.4885820e-02
   3.5514917e-02
   3.6144043e-02
   3.6773196e-02
   3.7402379e-02
   3.8031592e-02
   3.8660834e-02
   3.9290107e-02
   3.9919411e-02
   4.0548747e-02
   4.1178114e-02
   4.1807515e-02
   4.2436948e-02
   4.3066415e-02
   4.3695916e-02
   4.4325452e-02
   4.4955022e-02
   4.5584628e-02
   4.6214271e-02
   4.6843950e-02
   4.7473665e-02
   4.8103419e-02
   4.8733211e-02
   4.9363041e-02
   4.9992910e-02
   5.0622819e-02
   5.1252767e-02
   5.1882757e-02
   5.2512787e-02
   5.3142859e-02
   5.3772973e-02
   5.4403130e-02
   5.5033330e-02
   5.5663573e-02
   5.6293861e-02
   5.6924193e-02
   5.7554570e-02
   5.8184993e-02
   5.8815462e-02
   5.9445977e-02
   6.0076539e-02
   6.0707150e-02
   6.1337808e-02
   6.1968515e-02
   6.2599271e-02
   6.3230076e-02
   6.3860932e-02
   6.4491838e-02
   6.5122796e-02
   6.5753805e-02
   6.6384866e-02
   6.7015980e-02
   6.7647147e-02
   6.8278368e-02
   6.8909643e-02
   6.9540972e-02
   7.0172357e-02
   7.0803797e-02
   7.1435294e-02
   7.2066847e-02
   7.2698458e-02
   7.3330126e-02
   7.3961852e-02
   7.4593637e-02
   7.5225482e-02
   7.5857386e-02
   7.6489350e-02
   7.7121375e-02
   7.7753461e-02
   7.8385609e-02
   7.9017820e-02
   7.9650093e-02
   8.0282429e-02
   8.0914830e-02
   8.1547294e-02
   8.2179823e-02
   8.2812418e-02
   8.3445078e-02
   8.4077805e-02
   8.4710599e-02
   8.5343460e-02
   8.5976389e-02
   8.6609386e-02
   8.7242452e-02
   8.7875588e-02
   8.8508794e-02
   8.9142069e-02
   8.9775416e-02
   9.0408835e-02
   9.1042325e-02
   9.1675888e-02
   9.2309524e-02
   9.2943233e-02
   9.3577016e-02
   9.4210874e-02
   9.4844807e-02
   9.5478816e-02
   9.6112900e-02
   9.6747061e-02
   9.7381299e-02
   9.8015615e-02
   9.8650009e-02
   9.9284482e-02
   9.9919034e-02
   1.0055367e-01
   1.0118838e-01
   1.0182317e-01
   1.0245804e-01
   1.0309300e-01
   1.0372804e-01
   1.0436316e-01
   1.0499836e-01
   1.0563365e-01
   1.0626902e-01
   1.0690448e-01
   1.0754002e-01
   1.0817565e-01
   1.0881136e-01
   1.0944716e-01
   1.1008305e-01
   1.1071903e-01
   1.1135509e-01
   1.1199125e-01
   1.1262749e-01
   1.1326382e-01
   1.1390025e-01
   1.1453676e-01
   1.1517337e-01
   1.1581007e-01
   1.1644686e-01
   1.1708375e-01
   1.1772073e-01
   1.1835780e-01
   1.1899497e-01
   1.1963223e-01
   1.2026959e-01
   1.2090704e-01
   1.2154460e-01
   1.2218225e-01
   1.2281999e-01
   1.2345784e-01
   1.2409578e-01
   1.2473383e-01
   1.2537197e-01
   1.2601022e-01
   1.2664856e-01
   1.2728701e-01
   1.2792556e-01
   1.2856421e-01
   1.2920297e-01
   1.2984183e-01
   1.3048079e-01
   1.3111986e-01
   1.3175903e-01
   1.3239831e-01
   1.3303770e-01
   1.3367719e-01
   1.3431679e-01
   1.3495650e-01
   1.3559632e-01
   1.3623624e-01
   1.3687628e-01
   1.3751642e-01
   1.3815668e-01
   1.3879705e-01
   1.3943752e-01
   1.4007812e-01
   1.4071882e-01
   1.4135964e-01
   1.4200057e-01
   1.4264161e-01
   1.4328277e-01
   1.4392405e-01
   1.4456544e-01
   1.4520695e-01
   1.4584857e-01
   1.4649032e-01
   1.4713218e-01
   1.4777416e-01
   1.4841626e-01
   1.4905848e-01
   1.4970081e-01
   1.5034327e-01
   1.5098586e-01
   1.5162856e-01
   1.5227138e-01
   1.5291433e-01
   1.5355741e-01
   1.5420060e-01
   1.5484392e-01
   1.5548737e-01
   1.5613094e-01
   1.5677464e-01
   1.5741846e-01
   1.5806242e-01
   1.5870650e-01
   1.5935071e-01
   1.5999504e-01
   1.6063951e-01
   1.6128411e-01
   1.6192884e-01
   1.6257370e-01
   1.6321869e-01
   1.6386381e-01
   1.6450907e-01
   1.6515446e-01
   1.6579998e-01
   1.6644564e-01
   1.6709143e-01
   1.6773736e-01
   1.6838342e-01
   1.6902963e-01
   1.6967597e-01
   1.7032244e-01
   1.7096906e-01
   1.7161581e-01
   1.7226270e-01
   1.7290974e-01
   1.7355691e-01
   1.7420423e-01
   1.7485169e-01
   1.7549928e-01
   1.7614703e-01
   1.7679491e-01
   1.7744294e-01
   1.7809112e-01
   1.7873944e-01
   1.7938790e-01
   1.8003651e-01
   1.8068527e-01
   1.8133417e-01
   1.8198323e-01
   1.8263243e-01
   1.8328178e-01
   1.8393128e-01
   1.8458093e-01
   1.8523073e-01
   1.8588068e-01
   1.8653079e-01
   1.8718104e-01
   1.8783145e-01
   1.8848201e-01
   1.8913273e-01
   1.8978360e-01
   1.9043463e-01
   1.9108581e-01
   1.9173715e-01
   1.9238865e-01
   1.9304030e-01
   1.9369211e-01
   1.9434408e-01
   1.9499621e-01
   1.9564850e-01
   1.9630095e-01
   1.9695356e-01
   1.9760634e-01
   1.9825927e-01
   1.9891237e-01
   1.9956563e-01
   2.0021905e-01
   2.0087264e-01
   2.0152639e-01
   2.0218031e-01
   2.0283440e-01
   2.0348865e-01
   2.0414307e-01
   2.0479766e-01
   2.0545241e-01
   2.0610734e-01
   2.0676243e-01
   2.0741770e-01
   2.0807313e-01
   2.0872874e-01
   2.0938452e-01
   2.1004047e-01
   2.1069660e-01
   2.1135289e-01
   2.1200937e-01
   2.1266602e-01
   2.1332284e-01
   2.1397984e-01
   2.1463701e-01
   2.1529437e-01
   2.1595190e-01
   2.1660961e-01
   2.1726750e-01
   2.1792556e-01
   2.1858381e-01
   2.1924224e-01
   2.1990085e-01
   2.2055965e-01
   2.2121862e-01
   2.2187778e-01
   2.2253712e-01
   2.2319665e-01
   2.2385636e-01
   2.2451626e-01
   2.2517634e-01
   2.2583661e-01
   2.2649707e-01
   2.2715772e-01
   2.2781855e-01
   2.2847958e-01
   2.2914079e-01
   2.2980219e-01
   2.3046379e-01
   2.3112558e-01
   2.3178755e-01
   2.3244973e-01
   2.3311209e-01
   2.3377465e-01
   2.3443740e-01
   2.3510035e-01
   2.3576350e-01
   2.3642684e-01
   2.3709038e-01
   2.3775412e-01
   2.3841805e-01
   2.3908218e-01
   2.3974652e-01
   2.4041105e-01
   2.4107579e-01
   2.4174072e-01
   2.4240586e-01
   2.4307120e-01
   2.4373674e-01
   2.4440249e-01
   2.4506844e-01
   2.4573460e-01
   2.4640096e-01
   2.4706753e-01
   2.4773431e-01
   2.4840129e-01
   2.4906848e-01
   2.4973588e-01
   2.5040349e-01
   2.5107131e-01
   2.5173935e-01
   2.5240759e-01
   2.5307604e-01
   2.5374471e-01
   2.5441359e-01
   2.5508268e-01
   2.5575199e-01
   2.5642152e-01
   2.5709126e-01
   2.5776121e-01
   2.5843139e-01
   2.5910178e-01
   2.5977239e-01
   2.6044321e-01
   2.6111426e-01
   2.6178553e-01
   2.6245702e-01
   2.6312873e-01
   2.6380066e-01
   2.6447282e-01
   2.6514520e-01
   2.6581780e-01
   2.6649063e-01
   2.6716368e-01
   2.6783696e-01
   2.6851046e-01
   2.6918420e-01
   2.6985816e-01
   2.7053235e-01
   2.7120676e-01
   2.7188141e-01
   2.7255629e-01
   2.7323140e-01
   2.7390674e-01
   2.7458232e-01
   2.7525813e-01
   2.7593417e-01
   2.7661044e-01
   2.7728695e-01
   2.7796370e-01
   2.7864068e-01
   2.7931790e-01
   2.7999536e-01
   2.8067306e-01
   2.8135099e-01
   2.8202917e-01
   2.8270758e-01
   2.8338624e-01
   2.8406514e-01
   2.8474428e-01
   2.8542366e-01
   2.8610329e-01
   2.8678316e-01
   2.8746328e-01
   2.8814364e-01
   2.8882425e-01
   2.8950511e-01
   2.9018621e-01
   2.9086756e-01
   2.9154917e-01
   2.9223102e-01
   2.9291312e-01
   2.9359547e-01
   2.9427808e-01
   2.9496093e-01
   2.9564404e-01
   2.9632741e-01
   2.9701103e-01
   2.9769490e-01
   2.9837903e-01
   2.9906341e-01
   2.9974806e-01
   3.0043296e-01
   3.0111812e-01
   3.0180354e-01
   3.0248922e-01
   3.0317516e-01
   3.0386136e-01
   3.0454782e-01
   3.0523455e-01
   3.0592154e-01
   3.0660879e-01
   3.0729631e-01
   3.0798409e-01
   3.0867215e-01
   3.0936046e-01
   3.1004905e-01
   3.1073790e-01
   3.1142702e-01
   3.1211642e-01
   3.1280608e-01
   3.1349601e-01
   3.1418622e-01
   3.1487670e-01
   3.1556745e-01
   3.1625847e-01
   3.1694977e-01
   3.1764135e-01
   3.1833320e-01
   3.1902533e-01
   3.1971773e-01
   3.2041042e-01
   3.2110338e-01
   3.2179662e-01
   3.2249015e-01
   3.2318395e-01
   3.2387804e-01
   3.2457241e-01
   3.2526706e-01
   3.2596199e-01
   3.2665721e-01
   3.2735272e-01
   3.2804851e-01
   3.2874459e-01
   3.2944096e-01
   3.3013761e-01
   3.3083456e-01
   3.3153179e-01
   3.3222932e-01
   3.3292713e-01
   3.3362524e-01
   3.3432364e-01
   3.3502233e-01
   3.3572132e-01
   3.3642061e-01
   3.3712018e-01
   3.3782006e-01
   3.3852023e-01
   3.3922070e-01
   3.3992147e-01
   3.4062254e-01
   3.4132391e-01
   3.4202558e-01
   3.4272755e-01
   3.4342982e-01
   3.4413240e-01
   3.4483528e-01
   3.4553846e-01
   3.4624196e-01
   3.4694575e-01
   3.4764986e-01
   3.4835427e-01
   3.4905899e-01
   3.4976402e-01
   3.5046935e-01
   3.5117500e-01
   3.5188097e-01
   3.5258724e-01
   3.5329383e-01
   3.5400073e-01
   3.5470794e-01
   3.5541547e-01
   3.5612332e-01
   3.5683148e-01
   3.5753996e-01
   3.5824876e-01
   3.5895788e-01
   3.5966731e-01
   3.6037707e-01
   3.6108715e-01
   3.6179756e-01
   3.6250828e-01
   3.6321933e-01
   3.6393070e-01
   3.6464240e-01
   3.6535443e-01
   3.6606678e-01
   3.6677946e-01
   3.6749247e-01
   3.6820581e-01
   3.6891948e-01
   3.6963348e-01
   3.7034781e-01
   3.7106247e-01
   3.7177747e-01
   3.7249280e-01
   3.7320846e-01
   3.7392447e-01
   3.7464080e-01
   3.7535748e-01
   3.7607449e-01
   3.7679185e-01
   3.7750954e-01
   3.7822757e-01
   3.7894594e-01
   3.7966466e-01
   3.8038372e-01
   3.8110312e-01
   3.8182287e-01
   3.8254296e-01
   3.8326340e-01
   3.8398419e-01
   3.8470532e-01
   3.8542681e-01
   3.8614864e-01
   3.8687082e-01
   3.8759336e-01
   3.8831624e-01
   3.8903948e-01
   3.8976307e-01
   3.9048702e-01
   3.9121132e-01
   3.9193598e-01
   3.9266100e-01
   3.9338637e-01
   3.9411210e-01
   3.9483820e-01
   3.9556465e-01
   3.9629146e-01
   3.9701864e-01
   3.9774617e-01
   3.9847408e-01
   3.9920234e-01
   3.9993097e-01
   4.0065997e-01
   4.0138934e-01
   4.0211907e-01
   4.0284917e-01
   4.0357964e-01
   4.0431049e-01
   4.0504170e-01
   4.0577329e-01
   4.0650525e-01
   4.0723758e-01
   4.0797029e-01
   4.0870337e-01
   4.0943683e-01
   4.1017067e-01
   4.1090488e-01
   4.1163948e-01
   4.1237446e-01
   4.1310981e-01
   4.1384555e-01
   4.1458167e-01
   4.1531818e-01
   4.1605506e-01
   4.1679234e-01
   4.1753000e-01
   4.1826805e-01
   4.1900648e-01
   4.1974531e-01
   4.2048452e-01
   4.2122413e-01
   4.2196412e-01
   4.2270451e-01
   4.2344530e-01
   4.2418647e-01
   4.2492805e-01
   4.2567001e-01
   4.2641238e-01
   4.2715514e-01
   4.2789831e-01
   4.2864187e-01
   4.2938583e-01
   4.3013019e-01
   4.3087496e-01
   4.3162013e-01
   4.3236570e-01
   4.3311168e-01
   4.3385807e-01
   4.3460486e-01
   4.3535206e-01
   4.3609967e-01
   4.3684769e-01
   4.3759612e-01
   4.3834496e-01
   4.3909421e-01
   4.3984388e-01
   4.4059396e-01
   4.4134446e-01
   4.4209538e-01
   4.4284671e-01
   4.4359846e-01
   4.4435062e-01
   4.4510321e-01
   4.4585622e-01
   4.4660965e-01
   4.4736351e-01
   4.4811779e-01
   4.4887249e-01
   4.4962762e-01
   4.5038318e-01
   4.5113916e-01
   4.5189557e-01
   4.5265242e-01
   4.5340969e-01
   4.5416739e-01
   4.5492553e-01
   4.5568410e-01
   4.5644311e-01
   4.5720255e-01
   4.5796242e-01
   4.5872274e-01
   4.5948349e-01
   4.6024468e-01
   4.6100631e-01
   4.6176839e-01
   4.6253090e-01
   4.6329386e-01
   4.6405727e-01
   4.6482112e-01
   4.6558541e-01
   4.6635016e-01
   4.6711535e-01
   4.6788099e-01
   4.6864708e-01
   4.6941362e-01
   4.7018061e-01
   4.7094806e-01
   4.7171596e-01
   4.7248432e-01
   4.7325313e-01
   4.7402241e-01
   4.7479213e-01
   4.7556232e-01
   4.7633297e-01
   4.7710408e-01
   4.7787566e-01
   4.7864769e-01
   4.7942019e-01
   4.8019316e-01
   4.8096659e-01
   4.8174049e-01
   4.8251486e-01
   4.8328970e-01
   4.8406501e-01
   4.8484079e-01
   4.8561705e-01
   4.8639378e-01
   4.8717098e-01
   4.8794866e-01
   4.8872681e-01
   4.8950545e-01
   4.9028456e-01
   4.9106415e-01
   4.9184423e-01
   4.9262479e-01
   4.9340583e-01
   4.9418735e-01
   4.9496936e-01
   4.9575186e-01
   4.9653484e-01
   4.9731832e-01
   4.9810228e-01
   4.9888673e-01
   4.9967168e-01
   5.0045712e-01
   5.0124305e-01
   5.0202948e-01
   5.0281640e-01
   5.0360382e-01
   5.0439174e-01
   5.0518016e-01
   5.0596908e-01
   5.0675850e-01
   5.0754843e-01
   5.0833886e-01
   5.0912979e-01
   5.0992123e-01
   5.1071318e-01
   5.1150564e-01
   5.1229860e-01
   5.1309208e-01
   5.1388607e-01
   5.1468057e-01
   5.1547558e-01
   5.1627111e-01
   5.1706716e-01
   5.1786372e-01
   5.1866080e-01
   5.1945841e-01
   5.2025653e-01
   5.2105517e-01
   5.2185434e-01
   5.2265403e-01
   5.2345425e-01
   5.2425499e-01
   5.2505627e-01
   5.2585807e-01
   5.2666040e-01
   5.2746326e-01
   5.2826665e-01
   5.2907058e-01
   5.2987504e-01
   5.3068004e-01
   5.3148558e-01
   5.3229165e-01
   5.3309826e-01
   5.3390542e-01
   5.3471311e-01
   5.3552135e-01
   5.3633013e-01
   5.3713946e-01
   5.3794933e-01
   5.3875975e-01
   5.3957072e-01
   5.4038224e-01
   5.4119431e-01
   5.4200694e-01
   5.4282012e-01
   5.4363385e-01
   5.4444814e-01
   5.4526298e-01
   5.4607839e-01
   5.4689435e-01
   5.4771088e-01
   5.4852796e-01
   5.4934562e-01
   5.5016383e-01
   5.5098261e-01
   5.5180196e-01
   5.5262188e-01
   5.5344236e-01
   5.5426342e-01
   5.5508505e-01
   5.5590725e-01
   5.5673003e-01
   5.5755338e-01
   5.5837731e-01
   5.5920182e-01
   5.6002691e-01
   5.6085258e-01
   5.6167883e-01
   5.6250566e-01
   5.6333308e-01
   5.6416109e-01
   5.6498968e-01
   5.6581886e-01
   5.6664863e-01
   5.6747899e-01
   5.6830995e-01
   5.6914149e-01
   5.6997363e-01
   5.7080637e-01
   5.7163971e-01
   5.7247364e-01
   5.7330818e-01
   5.7414332e-01
   5.7497906e-01
   5.7581540e-01
   5.7665235e-01
   5.7748990e-01
   5.7832807e-01
   5.7916684e-01
   5.8000622e-01
   5.8084622e-01
   5.8168683e-01
   5.8252805e-01
   5.8336989e-01
   5.8421235e-01
   5.8505543e-01
   5.8589912e-01
   5.8674344e-01
   5.8758838e-01
   5.8843394e-01
   5.8928013e-01
   5.9012695e-01
   5.9097439e-01
   5.9182247e-01
   5.9267117e-01
   5.9352051e-01
   5.9437048e-01
   5.9522109e-01
   5.9607233e-01
   5.9692421e-01
   5.9777673e-01
   5.9862989e-01
   5.9948369e-01
   6.0033814e-01
   6.0119323e-01
   6.0204897e-01
   6.0290535e-01
   6.0376239e-01
   6.0462007e-01
   6.0547841e-01
   6.0633740e-01
   6.0719704e-01
   6.0805734e-01
   6.0891830e-01
   6.0977992e-01
   6.1064219e-01
   6.1150513e-01
   6.1236874e-01
   6.1323301e-01
   6.1409794e-01
   6.1496354e-01
   6.1582981e-01
   6.1669675e-01
   6.1756437e-01
   6.1843265e-01
   6.1930162e-01
   6.2017126e-01
   6.2104157e-01
   6.2191257e-01
   6.2278425e-01
   6.2365661e-01
   6.2452965e-01
   6.2540338e-01
   6.2627780e-01
   6.2715290e-01
   6.2802869e-01
   6.2890518e-01
   6.2978236e-01
   6.3066023e-01
   6.3153880e-01
   6.3241807e-01
   6.3329803e-01
   6.3417870e-01
   6.3506007e-01
   6.3594214e-01
   6.3682492e-01
   6.3770840e-01
   6.3859260e-01
   6.3947750e-01
   6.4036311e-01
   6.4124944e-01
   6.4213648e-01
   6.4302424e-01
   6.4391271e-01
   6.4480191e-01
   6.4569182e-01
   6.4658246e-01
   6.4747382e-01
   6.4836591e-01
   6.4925872e-01
   6.5015226e-01
   6.5104654e-01
   6.5194154e-01
   6.5283728e-01
   6.5373375e-01
   6.5463096e-01
   6.5552891e-01
   6.5642760e-01
   6.5732703e-01
   6.5822720e-01
   6.5912812e-01
   6.6002979e-01
   6.6093220e-01
   6.6183536e-01
   6.6273928e-01
   6.6364395e-01
   6.6454937e-01
   6.6545555e-01
   6.6636248e-01
   6.6727018e-01
   6.6817864e-01
   6.6908786e-01
   6.6999785e-01
   6.7090860e-01
   6.7182012e-01
   6.7273241e-01
   6.7364547e-01
   6.7455931e-01
   6.7547392e-01
   6.7638930e-01
   6.7730547e-01
   6.7822241e-01
   6.7914014e-01
   6.8005865e-01
   6.8097795e-01
   6.8189803e-01
   6.8281890e-01
   6.8374057e-01
   6.8466302e-01
   6.8558627e-01
   6.8651031e-01
   6.8743515e-01
   6.8836080e-01
   6.8928724e-01
   6.9021448e-01
   6.9114253e-01
   6.9207139e-01
   6.9300105e-01
   6.9393153e-01
   6.9486281e-01
   6.9579491e-01
   6.9672783e-01
   6.9766156e-01
   6.9859611e-01
   6.9953148e-01
   7.0046767e-01
   7.0140469e-01
   7.0234254e-01
   7.0328121e-01
   7.0422071e-01
   7.0516105e-01
   7.0610222e-01
   7.0704422e-01
   7.0798706e-01
   7.0893074e-01
   7.0987526e-01
   7.1082063e-01
   7.1176684e-01
   7.1271389e-01
   7.1366180e-01
   7.1461055e-01
   7.1556016e-01
   7.1651062e-01
   7.1746194e-01
   7.1841412e-01
   7.1936715e-01
   7.2032105e-01
   7.2127581e-01
   7.2223144e-01
   7.2318793e-01
   7.2414530e-01
   7.2510353e-01
   7.2606264e-01
   7.2702263e-01
   7.2798349e-01
   7.2894524e-01
   7.2990786e-01
   7.3087137e-01
   7.3183576e-01
   7.3280104e-01
   7.3376721e-01
   7.3473427e-01
   7.3570222e-01
   7.3667107e-01
   7.3764082e-01
   7.3861146e-01
   7.3958301e-01
   7.4055546e-01
   7.4152881e-01
   7.4250308e-01
   7.4347825e-01
   7.4445433e-01
   7.4543133e-01
   7.4640924e-01
   7.4738807e-01
   7.4836782e-01
   7.4934850e-01
   7.5033009e-01
   7.5131262e-01
   7.5229607e-01
   7.5328045e-01
   7.5426576e-01
   7.5525201e-01
   7.5623919e-01
   7.5722731e-01
   7.5821637e-01
   7.5920638e-01
   7.6019733e-01
   7.6118923e-01
   7.6218207e-01
   7.6317587e-01
   7.6417063e-01
   7.6516633e-01
   7.6616300e-01
   7.6716062e-01
   7.6815921e-01
   7.6915876e-01
   7.7015928e-01
   7.7116077e-01
   7.7216323e-01
   7.7316666e-01
   7.7417107e-01
   7.7517645e-01
   7.7618282e-01
   7.7719016e-01
   7.7819849e-01
   7.7920781e-01
   7.8021812e-01
   7.8122941e-01
   7.8224170e-01
   7.8325499e-01
   7.8426927e-01
   7.8528456e-01
   7.8630085e-01
   7.8731814e-01
   7.8833643e-01
   7.8935574e-01
   7.9037606e-01
   7.9139739e-01
   7.9241974e-01
   7.9344311e-01
   7.9446750e-01
   7.9549291e-01
   7.9651935e-01
   7.9754681e-01
   7.9857531e-01
   7.9960484e-01
   8.0063540e-01
   8.0166700e-01
   8.0269964e-01
   8.0373332e-01
   8.0476805e-01
   8.0580382e-01
   8.0684065e-01
   8.0787852e-01
   8.0891745e-01
   8.0995744e-01
   8.1099848e-01
   8.1204059e-01
   8.1308376e-01
   8.1412800e-01
   8.1517330e-01
   8.1621968e-01
   8.1726713e-01
   8.1831566e-01
   8.1936526e-01
   8.2041595e-01
   8.2146772e-01
   8.2252058e-01
   8.2357452e-01
   8.2462956e-01
   8.2568569e-01
   8.2674292e-01
   8.2780125e-01
   8.2886067e-01
   8.2992121e-01
   8.3098285e-01
   8.3204559e-01
   8.3310945e-01
   8.3417443e-01
   8.3524052e-01
   8.3630773e-01
   8.3737606e-01
   8.3844552e-01
   8.3951610e-01
   8.4058782e-01
   8.4166067e-01
   8.4273465e-01
   8.4380977e-01
   8.4488603e-01
   8.4596344e-01
   8.4704199e-01
   8.4812169e-01
   8.4920254e-01
   8.5028454e-01
   8.5136770e-01
   8.5245202e-01
   8.5353751e-01
   8.5462416e-01
   8.5571197e-01
   8.5680096e-01
   8.5789112e-01
   8.5898245e-01
   8.6007496e-01
   8.6116866e-01
   8.6226354e-01
   8.6335961e-01
   8.6445686e-01
   8.6555531e-01
   8.6665495e-01
   8.6775580e-01
   8.6885784e-01
   8.6996109e-01
   8.7106554e-01
   8.7217121e-01
   8.7327808e-01
   8.7438617e-01
   8.7549548e-01
   8.7660601e-01
   8.7771777e-01
   8.7883075e-01
   8.7994496e-01
   8.8106041e-01
   8.8217709e-01
   8.8329501e-01
   8.8441417e-01
   8.8553457e-01
   8.8665622e-01
   8.8777913e-01
   8.8890328e-01
   8.9002869e-01
   8.9115537e-01
   8.9228330e-01
   8.9341250e-01
   8.9454297e-01
   8.9567471e-01
   8.9680772e-01
   8.9794201e-01
   8.9907759e-01
   9.0021444e-01
   9.0135259e-01
   9.0249202e-01
   9.0363274e-01
   9.0477477e-01
   9.0591809e-01
   9.0706271e-01
   9.0820864e-01
   9.0935588e-01
   9.1050443e-01
   9.1165429e-01
   9.1280547e-01
   9.1395798e-01
   9.1511180e-01
   9.1626696e-01
   9.1742345e-01
   9.1858127e-01
   9.1974042e-01
   9.2090092e-01
   9.2206276e-01
   9.2322595e-01
   9.2439049e-01
   9.2555638e-01
   9.2672363e-01
   9.2789224e-01
   9.2906222e-01
   9.3023356e-01
   9.3140627e-01
   9.3258035e-01
   9.3375581e-01
   9.3493265e-01
   9.3611087e-01
   9.3729048e-01
   9.3847148e-01
   9.3965388e-01
   9.4083767e-01
   9.4202286e-01
   9.4320946e-01
   9.4439746e-01
   9.4558687e-01
   9.4677770e-01
   9.4796994e-01
   9.4916361e-01
   9.5035870e-01
   9.5155522e-01
   9.5275317e-01
   9.5395256e-01
   9.5515338e-01
   9.5635565e-01
   9.5755936e-01
   9.5876452e-01
   9.5997113e-01
   9.6117921e-01
   9.6238874e-01
   9.6359973e-01
   9.6481219e-01
   9.6602613e-01
   9.6724153e-01
   9.6845842e-01
   9.6967679e-01
   9.7089664e-01
   9.7211798e-01
   9.7334082e-01
   9.7456515e-01
   9.7579098e-01
   9.7701832e-01
   9.7824716e-01
   9.7947752e-01
   9.8070939e-01
   9.8194278e-01
   9.8317769e-01
   9.8441413e-01
   9.8565210e-01
   9.8689160e-01
   9.8813264e-01
   9.8937523e-01
   9.9061936e-01
   9.9186504e-01
   9.9311227e-01
   9.9436106e-01
   9.9561141e-01
   9.9686333e-01
   9.9811682e-01
   9.9937188e-01
   1.0006285e+00
   1.0018867e+00
   1.0031465e+00
   1.0044079e+00
   1.0056709e+00
   1.0069355e+00
   1.0082017e+00
   1.0094695e+00
   1.0107389e+00
   1.0120099e+00
   1.0132825e+00
   1.0145568e+00
   1.0158326e+00
   1.0171101e+00
   1.0183893e+00
   1.0196701e+00
   1.0209525e+00
   1.0222365e+00
   1.0235223e+00
   1.0248096e+00
   1.0260987e+00
   1.0273894e+00
   1.0286817e+00
   1.0299758e+00
   1.0312715e+00
   1.0325689e+00
   1.0338679e+00
   1.0351687e+00
   1.0364711e+00
   1.0377753e+00
   1.0390812e+00
   1.0403887e+00
   1.0416980e+00
   1.0430090e+00
   1.0443217e+00
   1.0456361e+00
   1.0469523e+00
   1.0482702e+00
   1.0495898e+00
   1.0509112e+00
   1.0522343e+00
   1.0535591e+00
   1.0548858e+00
   1.0562141e+00
   1.0575443e+00
   1.0588762e+00
   1.0602099e+00
   1.0615454e+00
   1.0628826e+00
   1.0642217e+00
   1.0655625e+00
   1.0669051e+00
   1.0682495e+00
   1.0695958e+00
   1.0709438e+00
   1.0722937e+00
   1.0736453e+00
   1.0749988e+00
   1.0763542e+00
   1.0777113e+00
   1.0790704e+00
   1.0804312e+00
   1.0817939e+00
   1.0831585e+00
   1.0845249e+00
   1.0858931e+00
   1.0872633e+00
   1.0886353e+00
   1.0900092e+00
   1.0913850e+00
   1.0927626e+00
   1.0941422e+00
   1.0955237e+00
   1.0969070e+00
   1.0982923e+00
   1.0996795e+00
   1.1010686e+00
   1.1024596e+00
   1.1038526e+00
   1.1052474e+00
   1.1066443e+00
   1.1080430e+00
   1.1094438e+00
   1.1108464e+00
   1.1122511e+00
   1.1136577e+00
   1.1150662e+00
   1.1164768e+00
   1.1178893e+00
   1.1193038e+00
   1.1207203e+00
   1.1221388e+00
   1.1235593e+00
   1.1249818e+00
   1.1264063e+00
   1.1278328e+00
   1.1292614e+00
   1.1306920e+00
   1.1321246e+00
   1.1335593e+00
   1.1349960e+00
   1.1364347e+00
   1.1378755e+00
   1.1393184e+00
   1.1407633e+00
   1.1422103e+00
   1.1436594e+00
   1.1451106e+00
   1.1465639e+00
   1.1480192e+00
   1.1494767e+00
   1.1509363e+00
   1.1523979e+00
   1.1538617e+00
   1.1553277e+00
   1.1567957e+00
   1.1582659e+00
   1.1597382e+00
   1.1612127e+00
   1.1626893e+00
   1.1641681e+00
   1.1656491e+00
   1.1671322e+00
   1.1686175e+00
   1.1701050e+00
   1.1715947e+00
   1.1730865e+00
   1.1745806e+00
   1.1760769e+00
   1.1775754e+00
   1.1790761e+00
   1.1805790e+00
   1.1820842e+00
   1.1835916e+00
   1.1851012e+00
   1.1866131e+00
   1.1881273e+00
   1.1896437e+00
   1.1911624e+00
   1.1926833e+00
   1.1942066e+00
   1.1957321e+00
   1.1972599e+00
   1.1987900e+00
   1.2003225e+00
   1.2018572e+00
   1.2033943e+00
   1.2049337e+00
   1.2064754e+00
   1.2080194e+00
   1.2095658e+00
   1.2111146e+00
   1.2126657e+00
   1.2142192e+00
   1.2157751e+00
   1.2173333e+00
   1.2188939e+00
   1.2204569e+00
   1.2220223e+00
   1.2235901e+00
   1.2251604e+00
   1.2267330e+00
   1.2283081e+00
   1.2298856e+00
   1.2314655e+00
   1.2330479e+00
   1.2346328e+00
   1.2362201e+00
   1.2378099e+00
   1.2394021e+00
   1.2409968e+00
   1.2425941e+00
   1.2441938e+00
   1.2457960e+00
   1.2474007e+00
   1.2490080e+00
   1.2506177e+00
   1.2522301e+00
   1.2538449e+00
   1.2554623e+00
   1.2570822e+00
   1.2587047e+00
   1.2603298e+00
   1.2619575e+00
   1.2635877e+00
   1.2652205e+00
   1.2668559e+00
   1.2684940e+00
   1.2701346e+00
   1.2717779e+00
   1.2734237e+00
   1.2750723e+00
   1.2767234e+00
   1.2783773e+00
   1.2800337e+00
   1.2816929e+00
   1.2833547e+00
   1.2850192e+00
   1.2866864e+00
   1.2883563e+00
   1.2900289e+00
   1.2917042e+00
   1.2933822e+00
   1.2950630e+00
   1.2967465e+00
   1.2984327e+00
   1.3001217e+00
   1.3018135e+00
   1.3035080e+00
   1.3052053e+00
   1.3069054e+00
   1.3086083e+00
   1.3103140e+00
   1.3120225e+00
   1.3137338e+00
   1.3154479e+00
   1.3171649e+00
   1.3188847e+00
   1.3206074e+00
   1.3223330e+00
   1.3240614e+00
   1.3257927e+00
   1.3275268e+00
   1.3292639e+00
   1.3310039e+00
   1.3327468e+00
   1.3344926e+00
   1.3362413e+00
   1.3379930e+00
   1.3397476e+00
   1.3415052e+00
   1.3432657e+00
   1.3450293e+00
   1.3467958e+00
   1.3485653e+00
   1.3503378e+00
   1.3521133e+00
   1.3538918e+00
   1.3556734e+00
   1.3574580e+00
   1.3592456e+00
   1.3610363e+00
   1.3628301e+00
   1.3646269e+00
   1.3664268e+00
   1.3682298e+00
   1.3700359e+00
   1.3718452e+00
   1.3736575e+00
   1.3754730e+00
   1.3772916e+00
   1.3791134e+00
   1.3809383e+00
   1.3827664e+00
   1.3845977e+00
   1.3864322e+00
   1.3882699e+00
   1.3901107e+00
   1.3919548e+00
   1.3938022e+00
   1.3956527e+00
   1.3975065e+00
   1.3993636e+00
   1.4012239e+00
   1.4030876e+00
   1.4049545e+00
   1.4068247e+00
   1.4086982e+00
   1.4105750e+00
   1.4124552e+00
   1.4143387e+00
   1.4162255e+00
   1.4181158e+00
   1.4200094e+00
   1.4219063e+00
   1.4238067e+00
   1.4257104e+00
   1.4276176e+00
   1.4295282e+00
   1.4314423e+00
   1.4333598e+00
   1.4352807e+00
   1.4372051e+00
   1.4391330e+00
   1.4410644e+00
   1.4429993e+00
   1.4449376e+00
   1.4468796e+00
   1.4488250e+00
   1.4507740e+00
   1.4527265e+00
   1.4546827e+00
   1.4566424e+00
   1.4586056e+00
   1.4605725e+00
   1.4625430e+00
   1.4645172e+00
   1.4664949e+00
   1.4684763e+00
   1.4704614e+00
   1.4724501e+00
   1.4744426e+00
   1.4764387e+00
   1.4784385e+00
   1.4804421e+00
   1.4824493e+00
   1.4844604e+00
   1.4864751e+00
   1.4884937e+00
   1.4905160e+00
   1.4925421e+00
   1.4945720e+00
   1.4966058e+00
   1.4986433e+00
   1.5006847e+00
   1.5027300e+00
   1.5047791e+00
   1.5068321e+00
   1.5088890e+00
   1.5109498e+00
   1.5130145e+00
   1.5150831e+00
   1.5171557e+00
   1.5192323e+00
   1.5213128e+00
   1.5233972e+00
   1.5254857e+00
   1.5275782e+00
   1.5296747e+00
   1.5317753e+00
   1.5338799e+00
   1.5359885e+00
   1.5381012e+00
   1.5402181e+00
   1.5423390e+00
   1.5444640e+00
   1.5465931e+00
   1.5487264e+00
   1.5508639e+00
   1.5530055e+00
   1.5551513e+00
   1.5573013e+00
   1.5594556e+00
   1.5616140e+00
   1.5637767e+00
   1.5659436e+00
   1.5681148e+00
   1.5702903e+00
   1.5724701e+00
   1.5746542e+00
   1.5768426e+00
   1.5790354e+00
   1.5812325e+00
   1.5834340e+00
   1.5856399e+00
   1.5878501e+00
   1.5900648e+00
   1.5922839e+00
   1.5945075e+00
   1.5967355e+00
   1.5989680e+00
   1.6012050e+00
   1.6034465e+00
   1.6056925e+00
   1.6079431e+00
   1.6101982e+00
   1.6124578e+00
   1.6147221e+00
   1.6169909e+00
   1.6192644e+00
   1.6215425e+00
   1.6238253e+00
   1.6261127e+00
   1.6284047e+00
   1.6307015e+00
   1.6330030e+00
   1.6353092e+00
   1.6376202e+00
   1.6399359e+00
   1.6422564e+00
   1.6445817e+00
   1.6469118e+00
   1.6492468e+00
   1.6515866e+00
   1.6539312e+00
   1.6562807e+00
   1.6586351e+00
   1.6609945e+00
   1.6633587e+00
   1.6657279e+00
   1.6681021e+00
   1.6704812e+00
   1.6728654e+00
   1.6752545e+00
   1.6776487e+00
   1.6800480e+00
   1.6824523e+00
   1.6848617e+00
   1.6872763e+00
   1.6896959e+00
   1.6921207e+00
   1.6945506e+00
   1.6969858e+00
   1.6994261e+00
   1.7018716e+00
   1.7043224e+00
   1.7067785e+00
   1.7092398e+00
   1.7117064e+00
   1.7141783e+00
   1.7166555e+00
   1.7191381e+00
   1.7216261e+00
   1.7241194e+00
   1.7266182e+00
   1.7291224e+00
   1.7316320e+00
   1.7341471e+00
   1.7366677e+00
   1.7391938e+00
   1.7417254e+00
   1.7442626e+00
   1.7468053e+00
   1.7493536e+00
   1.7519076e+00
   1.7544671e+00
   1.7570323e+00
   1.7596032e+00
   1.7621798e+00
   1.7647621e+00
   1.7673501e+00
   1.7699438e+00
   1.7725434e+00
   1.7751487e+00
   1.7777599e+00
   1.7803769e+00
   1.7829997e+00
   1.7856285e+00
   1.7882631e+00
   1.7909037e+00
   1.7935502e+00
   1.7962027e+00
   1.7988612e+00
   1.8015257e+00
   1.8041963e+00
   1.8068729e+00
   1.8095556e+00
   1.8122444e+00
   1.8149393e+00
   1.8176404e+00
   1.8203477e+00
   1.8230611e+00
   1.8257808e+00
   1.8285067e+00
   1.8312389e+00
   1.8339774e+00
   1.8367222e+00
   1.8394734e+00
   1.8422309e+00
   1.8449948e+00
   1.8477652e+00
   1.8505419e+00
   1.8533252e+00
   1.8561149e+00
   1.8589111e+00
   1.8617139e+00
   1.8645233e+00
   1.8673392e+00
   1.8701617e+00
   1.8729909e+00
   1.8758268e+00
   1.8786693e+00
   1.8815186e+00
   1.8843746e+00
   1.8872374e+00
   1.8901070e+00
   1.8929834e+00
   1.8958666e+00
   1.8987568e+00
   1.9016538e+00
   1.9045578e+00
   1.9074687e+00
   1.9103866e+00
   1.9133116e+00
   1.9162435e+00
   1.9191826e+00
   1.9221287e+00
   1.9250819e+00
   1.9280424e+00
   1.9310100e+00
   1.9339848e+00
   1.9369668e+00
   1.9399561e+00
   1.9429527e+00
   1.9459566e+00
   1.9489679e+00
   1.9519866e+00
   1.9550127e+00
   1.9580462e+00
   1.9610872e+00
   1.9641357e+00
   1.9671917e+00
   1.9702553e+00
   1.9733265e+00
   1.9764053e+00
   1.9794918e+00
   1.9825860e+00
   1.9856879e+00
   1.9887975e+00
   1.9919149e+00
   1.9950401e+00
   1.9981732e+00
   2.0013142e+00
   2.0044630e+00
   2.0076198e+00
   2.0107846e+00
   2.0139574e+00
   2.0171382e+00
   2.0203271e+00
   2.0235241e+00
   2.0267292e+00
   2.0299425e+00
   2.0331640e+00
   2.0363938e+00
   2.0396318e+00
   2.0428782e+00
   2.0461329e+00
   2.0493959e+00
   2.0526674e+00
   2.0559474e+00
   2.0592358e+00
   2.0625327e+00
   2.0658382e+00
   2.0691523e+00
   2.0724750e+00
   2.0758064e+00
   2.0791465e+00
   2.0824953e+00
   2.0858529e+00
   2.0892193e+00
   2.0925946e+00
   2.0959787e+00
   2.0993718e+00
   2.1027738e+00
   2.1061848e+00
   2.1096049e+00
   2.1130341e+00
   2.1164723e+00
   2.1199198e+00
   2.1233764e+00
   2.1268423e+00
   2.1303174e+00
   2.1338018e+00
   2.1372957e+00
   2.1407989e+00
   2.1443115e+00
   2.1478336e+00
   2.1513653e+00
   2.1549064e+00
   2.1584572e+00
   2.1620177e+00
   2.1655878e+00
   2.1691677e+00
   2.1727573e+00
   2.1763568e+00
   2.1799661e+00
   2.1835853e+00
   2.1872144e+00
   2.1908536e+00
   2.1945027e+00
   2.1981620e+00
   2.2018313e+00
   2.2055109e+00
   2.2092006e+00
   2.2129006e+00
   2.2166109e+00
   2.2203316e+00
   2.2240627e+00
   2.2278042e+00
   2.2315561e+00
   2.2353187e+00
   2.2390918e+00
   2.2428755e+00
   2.2466699e+00
   2.2504751e+00
   2.2542910e+00
   2.2581177e+00
   2.2619554e+00
   2.2658039e+00
   2.2696634e+00
   2.2735340e+00
   2.2774156e+00
   2.2813083e+00
   2.2852122e+00
   2.2891274e+00
   2.2930538e+00
   2.2969915e+00
   2.3009407e+00
   2.3049012e+00
   2.3088733e+00
   2.3128569e+00
   2.3168521e+00
   2.3208589e+00
   2.3248775e+00
   2.3289078e+00
   2.3329499e+00
   2.3370039e+00
   2.3410698e+00
   2.3451477e+00
   2.3492376e+00
   2.3533396e+00
   2.3574538e+00
   2.3615801e+00
   2.3657188e+00
   2.3698697e+00
   2.3740330e+00
   2.3782088e+00
   2.3823971e+00
   2.3865979e+00
   2.3908114e+00
   2.3950375e+00
   2.3992763e+00
   2.4035280e+00
   2.4077925e+00
   2.4120700e+00
   2.4163604e+00
   2.4206639e+00
   2.4249805e+00
   2.4293102e+00
   2.4336532e+00
   2.4380095e+00
   2.4423792e+00
   2.4467623e+00
   2.4511589e+00
   2.4555691e+00
   2.4599929e+00
   2.4644303e+00
   2.4688816e+00
   2.4733467e+00
   2.4778257e+00
   2.4823186e+00
   2.4868256e+00
   2.4913467e+00
   2.4958820e+00
   2.5004315e+00
   2.5049953e+00
   2.5095735e+00
   2.5141662e+00
   2.5187735e+00
   2.5233953e+00
   2.5280318e+00
   2.5326830e+00
   2.5373491e+00
   2.5420301e+00
   2.5467261e+00
   2.5514371e+00
   2.5561632e+00
   2.5609046e+00
   2.5656612e+00
   2.5704332e+00
   2.5752206e+00
   2.5800236e+00
   2.5848421e+00
   2.5896763e+00
   2.5945263e+00
   2.5993921e+00
   2.6042739e+00
   2.6091716e+00
   2.6140855e+00
   2.6190155e+00
   2.6239617e+00
   2.6289243e+00
   2.6339033e+00
   2.6388988e+00
   2.6439109e+00
   2.6489397e+00
   2.6539852e+00
   2.6590477e+00
   2.6641270e+00
   2.6692234e+00
   2.6743369e+00
   2.6794676e+00
   2.6846157e+00
   2.6897811e+00
   2.6949640e+00
   2.7001645e+00
   2.7053827e+00
   2.7106186e+00
   2.7158724e+00
   2.7211442e+00
   2.7264340e+00
   2.7317420e+00
   2.7370682e+00
   2.7424128e+00
   2.7477759e+00
   2.7531574e+00
   2.7585577e+00
   2.7639767e+00
   2.7694145e+00
   2.7748713e+00
   2.7803472e+00
   2.7858422e+00
   2.7913565e+00
   2.7968902e+00
   2.8024433e+00
   2.8080161e+00
   2.8136085e+00
   2.8192208e+00
   2.8248530e+00
   2.8305052e+00
   2.8361775e+00
   2.8418701e+00
   2.8475831e+00
   2.8533165e+00
   2.8590706e+00
   2.8648453e+00
   2.8706409e+00
   2.8764574e+00
   2.8822950e+00
   2.8881537e+00
   2.8940338e+00
   2.8999353e+00
   2.9058583e+00
   2.9118030e+00
   2.9177695e+00
   2.9237579e+00
   2.9297684e+00
   2.9358010e+00
   2.9418559e+00
   2.9479333e+00
   2.9540332e+00
   2.9601558e+00
   2.9663012e+00
   2.9724695e+00
   2.9786610e+00
   2.9848756e+00
   2.9911136e+00
   2.9973751e+00
   3.0036603e+00
   3.0099692e+00
   3.0163020e+00
   3.0226588e+00
   3.0290399e+00
   3.0354453e+00
   3.0418751e+00
   3.0483296e+00
   3.0548089e+00
   3.0613131e+00
   3.0678423e+00
   3.0743968e+00
   3.0809766e+00
   3.0875820e+00
   3.0942131e+00
   3.1008699e+00
   3.1075528e+00
   3.1142618e+00
   3.1209971e+00
   3.1277589e+00
   3.1345474e+00
   3.1413626e+00
   3.1482048e+00
   3.1550740e+00
   3.1619706e+00
   3.1688947e+00
   3.1758463e+00
   3.1828258e+00
   3.1898332e+00
   3.1968688e+00
   3.2039327e+00
   3.2110251e+00
   3.2181462e+00
   3.2252961e+00
   3.2324751e+00
   3.2396833e+00
   3.2469209e+00
   3.2541881e+00
   3.2614851e+00
   3.2688120e+00
   3.2761691e+00
   3.2835566e+00
   3.2909746e+00
   3.2984233e+00
   3.3059030e+00
   3.3134138e+00
   3.3209559e+00
   3.3285296e+00
   3.3361350e+00
   3.3437724e+00
   3.3514420e+00
   3.3591439e+00
   3.3668784e+00
   3.3746457e+00
   3.3824460e+00
   3.3902795e+00
   3.3981465e+00
   3.4060471e+00
   3.4139816e+00
   3.4219502e+00
   3.4299532e+00
   3.4379908e+00
   3.4460631e+00
   3.4541705e+00
   3.4623131e+00
   3.4704913e+00
   3.4787052e+00
   3.4869551e+00
   3.4952412e+00
   3.5035637e+00
   3.5119231e+00
   3.5203193e+00
   3.5287528e+00
   3.5372238e+00
   3.5457325e+00
   3.5542793e+00
   3.5628642e+00
   3.5714877e+00
   3.5801500e+00
   3.5888514e+00
   3.5975921e+00
   3.6063723e+00
   3.6151925e+00
   3.6240528e+00
   3.6329536e+00
   3.6418951e+00
   3.6508776e+00
   3.6599014e+00
   3.6689669e+00
   3.6780742e+00
   3.6872237e+00
   3.6964157e+00
   3.7056505e+00
   3.7149284e+00
   3.7242497e+00
   3.7336147e+00
   3.7430238e+00
   3.7524772e+00
   3.7619753e+00
   3.7715185e+00
   3.7811069e+00
   3.7907411e+00
   3.8004212e+00
   3.8101477e+00
   3.8199208e+00
   3.8297410e+00
   3.8396086e+00
   3.8495239e+00
   3.8594872e+00
   3.8694990e+00
   3.8795596e+00
   3.8896694e+00
   3.8998287e+00
   3.9100379e+00
   3.9202975e+00
   3.9306076e+00
   3.9409689e+00
   3.9513815e+00
   3.9618460e+00
   3.9723628e+00
   3.9829321e+00
   3.9935545e+00
   4.0042303e+00
   4.0149600e+00
   4.0257440e+00
   4.0365826e+00
   4.0474764e+00
   4.0584257e+00
   4.0694310e+00
   4.0804927e+00
   4.0916113e+00
   4.1027873e+00
   4.1140209e+00
   4.1253128e+00
   4.1366634e+00
   4.1480732e+00
   4.1595426e+00
   4.1710721e+00
   4.1826621e+00
   4.1943133e+00
   4.2060260e+00
   4.2178008e+00
   4.2296382e+00
   4.2415387e+00
   4.2535027e+00
   4.2655309e+00
   4.2776238e+00
   4.2897818e+00
   4.3020055e+00
   4.3142955e+00
   4.3266523e+00
   4.3390765e+00
   4.3515686e+00
   4.3641292e+00
   4.3767588e+00
   4.3894581e+00
   4.4022277e+00
   4.4150681e+00
   4.4279800e+00
   4.4409638e+00
   4.4540204e+00
   4.4671502e+00
   4.4803540e+00
   4.4936323e+00
   4.5069858e+00
   4.5204151e+00
   4.5339209e+00
   4.5475039e+00
   4.5611648e+00
   4.5749042e+00
   4.5887228e+00
   4.6026213e+00
   4.6166004e+00
   4.6306608e+00
   4.6448034e+00
   4.6590287e+00
   4.6733375e+00
   4.6877306e+00
   4.7022088e+00
   4.7167727e+00
   4.7314233e+00
   4.7461612e+00
   4.7609872e+00
   4.7759023e+00
   4.7909071e+00
   4.8060025e+00
   4.8211894e+00
   4.8364685e+00
   4.8518408e+00
   4.8673071e+00
   4.8828683e+00
   4.8985253e+00
   4.9142790e+00
   4.9301302e+00
   4.9460800e+00
   4.9621292e+00
   4.9782788e+00
   4.9945297e+00
   5.0108829e+00
   5.0273395e+00
   5.0439003e+00
   5.0605665e+00
   5.0773390e+00
   5.0942188e+00
   5.1112070e+00
   5.1283047e+00
   5.1455129e+00
   5.1628328e+00
   5.1802654e+00
   5.1978119e+00
   5.2154733e+00
   5.2332509e+00
   5.2511458e+00
   5.2691591e+00
   5.2872921e+00
   5.3055460e+00
   5.3239220e+00
   5.3424214e+00
   5.3610453e+00
   5.3797952e+00
   5.3986722e+00
   5.4176778e+00
   5.4368132e+00
   5.4560797e+00
   5.4754788e+00
   5.4950119e+00
   5.5146803e+00
   5.5344855e+00
   5.5544289e+00
   5.5745120e+00
   5.5947363e+00
   5.6151032e+00
   5.6356144e+00
   5.6562714e+00
   5.6770757e+00
   5.6980289e+00
   5.7191328e+00
   5.7403888e+00
   5.7617987e+00
   5.7833643e+00
   5.8050871e+00
   5.8269689e+00
   5.8490116e+00
   5.8712169e+00
   5.8935866e+00
   5.9161227e+00
   5.9388268e+00
   5.9617011e+00
   5.9847474e+00
   6.0079676e+00
   6.0313638e+00
   6.0549381e+00
   6.0786923e+00
   6.1026288e+00
   6.1267495e+00
   6.1510566e+00
   6.1755523e+00
   6.2002389e+00
   6.2251186e+00
   6.2501936e+00
   6.2754664e+00
   6.3009393e+00
   6.3266147e+00
   6.3524950e+00
   6.3785827e+00
   6.4048804e+00
   6.4313906e+00
   6.4581159e+00
   6.4850590e+00
   6.5122226e+00
   6.5396093e+00
   6.5672221e+00
   6.5950637e+00
   6.6231370e+00
   6.6514449e+00
   6.6799904e+00
   6.7087765e+00
   6.7378064e+00
   6.7670831e+00
   6.7966098e+00
   6.8263898e+00
   6.8564263e+00
   6.8867228e+00
   6.9172826e+00
   6.9481092e+00
   6.9792061e+00
   7.0105769e+00
   7.0422254e+00
   7.0741551e+00
   7.1063700e+00
   7.1388739e+00
   7.1716706e+00
   7.2047643e+00
   7.2381590e+00
   7.2718587e+00
   7.3058679e+00
   7.3401907e+00
   7.3748316e+00
   7.4097950e+00
   7.4450855e+00
   7.4807077e+00
   7.5166664e+00
   7.5529663e+00
   7.5896124e+00
   7.6266097e+00
   7.6639633e+00
   7.7016784e+00
   7.7397602e+00
   7.7782143e+00
   7.8170460e+00
   7.8562611e+00
   7.8958653e+00
   7.9358644e+00
   7.9762643e+00
   8.0170713e+00
   8.0582915e+00
   8.0999311e+00
   8.1419968e+00
   8.1844951e+00
   8.2274328e+00
   8.2708167e+00
   8.3146538e+00
   8.3589514e+00
   8.4037167e+00
   8.4489573e+00
   8.4946808e+00
   8.5408950e+00
   8.5876079e+00
   8.6348276e+00
   8.6825625e+00
   8.7308211e+00
   8.7796121e+00
   8.8289443e+00
   8.8788270e+00
   8.9292693e+00
   8.9802808e+00
   9.0318713e+00
   9.0840506e+00
   9.1368290e+00
   9.1902169e+00
   9.2442249e+00
   9.2988640e+00
   9.3541453e+00
   9.4100803e+00
   9.4666806e+00
   9.5239583e+00
   9.5819256e+00
   9.6405952e+00
   9.6999798e+00
   9.7600927e+00
   9.8209475e+00
   9.8825580e+00
   9.9449383e+00
   1.0008103e+01
   1.0072067e+01
   1.0136846e+01
   1.0202456e+01
   1.0268912e+01
   1.0336231e+01
   1.0404431e+01
   1.0473528e+01
   1.0543540e+01
   1.0614486e+01
   1.0686385e+01
   1.0759256e+01
   1.0833118e+01
   1.0907994e+01
   1.0983902e+01
   1.1060866e+01
   1.1138907e+01
   1.1218048e+01
   1.1298312e+01
   1.1379725e+01
   1.1462310e+01
   1.1546093e+01
   1.1631100e+01
   1.1717359e+01
   1.1804898e+01
   1.1893745e+01
   1.1983930e+01
   1.2075484e+01
   1.2168437e+01
   1.2262823e+01
   1.2358674e+01
   1.2456026e+01
   1.2554913e+01
   1.2655373e+01
   1.2757444e+01
   1.2861164e+01
   1.2966574e+01
   1.3073715e+01
   1.3182632e+01
   1.3293368e+01
   1.3405969e+01
   1.3520483e+01
   1.3636960e+01
   1.3755450e+01
   1.3876006e+01
   1.3998682e+01
   1.4123536e+01
   1.4250626e+01
   1.4380012e+01
   1.4511757e+01
   1.4645927e+01
   1.4782589e+01
   1.4921814e+01
   1.5063674e+01
   1.5208245e+01
   1.5355606e+01
   1.5505838e+01
   1.5659026e+01
   1.5815258e+01
   1.5974627e+01
   1.6137227e+01
   1.6303158e+01
   1.6472524e+01
   1.6645433e+01
   1.6821996e+01
   1.7002332e+01
   1.7186562e+01
   1.7374815e+01
   1.7567223e+01
   1.7763926e+01
   1.7965070e+01
   1.8170807e+01
   1.8381295e+01
   1.8596703e+01
   1.8817204e+01
   1.9042981e+01
   1.9274226e+01
   1.9511142e+01
   1.9753938e+01
   2.0002836e+01
   2.0258071e+01
   2.0519888e+01
   2.0788543e+01
   2.1064310e+01
   2.1347474e+01
   2.1638338e+01
   2.1937219e+01
   2.2244456e+01
   2.2560402e+01
   2.2885434e+01
   2.3219950e+01
   2.3564371e+01
   2.3919145e+01
   2.4284745e+01
   2.4661675e+01
   2.5050470e+01
   2.5451700e+01
   2.5865971e+01
   2.6293930e+01
   2.6736267e+01
   2.7193720e+01
   2.7667077e+01
   2.8157182e+01
   2.8664941e+01
   2.9191327e+01
   2.9737382e+01
   3.0304231e+01
   3.0893086e+01
   3.1505253e+01
   3.2142146e+01
   3.2805294e+01
   3.3496355e+01
   3.4217130e+01
   3.4969578e+01
   3.5755835e+01
   3.6578232e+01
   3.7439320e+01
   3.8341897e+01
   3.9289034e+01
   4.0284117e+01
   4.1330883e+01
   4.2433464e+01
   4.3596449e+01
   4.4824943e+01
   4.6124642e+01
   4.7501922e+01
   4.8963945e+01
   5.0518781e+01
   5.2175560e+01
   5.3944650e+01
   5.5837871e+01
   5.7868765e+01
   6.0052919e+01
   6.2408362e+01
   6.4956070e+01
   6.7720586e+01
   7.0730818e+01
   7.4021052e+01
   7.7632264e+01
   8.1613835e+01
   8.6025824e+01
   9.0942017e+01
   9.6454085e+01
   1.0267736e+02
   1.0975899e+02
   1.1788972e+02
   1.2732134e+02
   1.3839319e+02
   1.5157394e+02
   1.6752953e+02
   1.8723933e+02
   2.1220502e+02
   2.4485240e+02
   2.8937147e+02
   3.5367671e+02
   4.5472768e+02
   6.3661925e+02
   1.0610326e+03
   3.1830988e+03
